found=false evaluated=152500 elapsedMs=560.3 nearest=6.460 arrivals=0 minArrivalSpeed=Infinity
0	-857.388764	69.500259	-250.673510	0.349768	-0.054901	-0.336456	-137.037	-20.000
1	-857.037632	69.444238	-251.005658	0.351132	-0.056021	-0.332148	-129.338	-12.000
2	-856.683299	69.381123	-251.335262	0.354333	-0.063115	-0.329604	-129.063	-4.000
3	-856.343399	69.307518	-251.678673	0.339900	-0.073605	-0.343411	-154.063	4.000
4	-855.997039	69.222263	-252.019965	0.346360	-0.085255	-0.341292	-129.063	12.000
5	-855.644882	69.121951	-252.360789	0.352157	-0.100312	-0.340824	-130.147	20.000
6	-855.306820	69.001288	-252.716904	0.338062	-0.120663	-0.356115	-155.147	28.000
7	-854.959566	68.869339	-253.073035	0.347254	-0.131949	-0.356132	-130.147	20.000
8	-854.598676	68.732378	-253.425634	0.360890	-0.136961	-0.352599	-124.424	12.000
9	-854.214092	68.593606	-253.750262	0.384584	-0.138772	-0.324628	-99.424	4.000
10	-853.819728	68.457640	-254.074938	0.394365	-0.135967	-0.324676	-124.424	-4.000
11	-853.418951	68.330440	-254.398812	0.400777	-0.127199	-0.323874	-125.000	-12.000
12	-853.031877	68.211127	-254.739314	0.387074	-0.119313	-0.340502	-150.000	-12.000
13	-852.640903	68.102503	-255.074974	0.390974	-0.108625	-0.335660	-125.000	-20.000
14	-852.263354	67.999651	-255.424607	0.377549	-0.102851	-0.349633	-150.000	-12.000
15	-851.907602	67.895483	-255.793538	0.355751	-0.104168	-0.368930	-161.368	-4.000
16	-851.548002	67.785650	-256.166966	0.359600	-0.109833	-0.373428	-136.368	4.000
17	-851.184016	67.668288	-256.544646	0.363986	-0.117362	-0.377680	-135.888	12.000
18	-850.815647	67.539290	-256.926593	0.368369	-0.128999	-0.381947	-135.881	20.000
19	-850.443010	67.392705	-257.312705	0.372638	-0.146584	-0.386112	-135.874	28.000
20	-850.064488	67.237597	-257.704664	0.378522	-0.155108	-0.391958	-135.868	20.000
21	-849.679108	67.080112	-258.103483	0.385380	-0.157486	-0.398820	-135.861	12.000
22	-849.286517	66.923227	-258.509541	0.392592	-0.156885	-0.406058	-135.855	4.000
23	-848.869736	66.767215	-258.896855	0.416780	-0.156012	-0.387314	-110.855	0.000
24	-848.429580	66.620543	-259.236965	0.440156	-0.146671	-0.340110	-85.855	-8.000
25	-847.976343	66.487477	-259.558166	0.453237	-0.133067	-0.321201	-106.567	-16.000
26	-847.528319	66.369417	-259.883544	0.448024	-0.118059	-0.325378	-131.567	-24.000
27	-847.088361	66.261711	-260.218992	0.439958	-0.107706	-0.335448	-138.162	-16.000
28	-846.654851	66.157464	-260.565651	0.433510	-0.104248	-0.346659	-139.015	-8.000
