found=false evaluated=235500 elapsedMs=665.9 nearest=6.003 arrivals=0 minArrivalSpeed=Infinity
0	-866.555184	70.334966	-240.025376	0.369186	-0.037454	-1.241529	-121.828	-1.130
1	-866.132756	70.308596	-241.216099	0.422428	-0.026371	-1.190723	-132.117	-9.130
2	-865.665633	70.309348	-242.349320	0.467123	0.000752	-1.133221	-128.542	-17.130
3	-865.156757	70.321959	-243.425631	0.508876	0.012611	-1.076311	-125.709	-12.000
4	-864.600683	70.360164	-244.404039	0.556074	0.038205	-0.978408	-100.709	-20.000
5	-864.002146	70.404814	-245.275762	0.598537	0.044650	-0.871722	-89.978	-12.000
6	-863.381058	70.454007	-246.093363	0.621087	0.049193	-0.817601	-114.978	-12.000
7	-862.728574	70.491315	-246.821808	0.652485	0.037308	-0.728445	-89.978	-4.000
8	-862.050396	70.507990	-247.470210	0.678178	0.016675	-0.648402	-89.620	4.000
9	-861.361760	70.502745	-248.007905	0.688636	-0.005245	-0.537695	-64.620	12.000
10	-860.666094	70.473919	-248.452524	0.695666	-0.028826	-0.444619	-67.224	20.000
11	-859.966728	70.417850	-248.815828	0.699366	-0.056069	-0.363304	-67.555	28.000
12	-859.265451	70.335296	-249.108420	0.701277	-0.082554	-0.292592	-68.290	30.000
13	-858.583644	70.228733	-249.308643	0.681806	-0.106563	-0.200224	-43.290	30.000
14	-857.951109	70.100407	-249.411266	0.632536	-0.128327	-0.102622	-18.290	30.000
15	-857.396336	69.960001	-249.427773	0.554773	-0.140406	-0.016507	6.710	22.000
16	-856.938141	69.814485	-249.384039	0.458194	-0.145515	0.043734	31.710	14.000
17	-856.580221	69.667744	-249.312023	0.357920	-0.146741	0.072016	56.710	6.000
18	-856.311782	69.520679	-249.240504	0.268439	-0.147065	0.071519	81.710	0.000
19	-856.111703	69.376833	-249.188518	0.200080	-0.143846	0.051986	106.710	-8.000
20	-855.959511	69.234194	-249.161255	0.152191	-0.142639	0.027263	126.155	-16.000
21	-855.836403	69.087082	-249.159648	0.123109	-0.147112	0.001607	151.155	-24.000
22	-855.728397	68.938648	-249.183272	0.108006	-0.148434	-0.023624	176.155	-16.000
23	-855.630493	68.790672	-249.229481	0.097903	-0.147976	-0.046209	-176.202	-8.000
24	-855.552106	68.642330	-249.293455	0.078387	-0.148341	-0.063973	158.798	-12.000
25	-855.500103	68.494401	-249.367562	0.052003	-0.147930	-0.074108	133.798	-4.000
26	-855.464092	68.345638	-249.453954	0.036011	-0.148763	-0.086391	153.116	-12.000
27	-855.432796	68.197270	-249.554938	0.031296	-0.148368	-0.100985	178.116	-4.000
28	-855.395388	68.048515	-249.667226	0.037408	-0.148755	-0.112287	-156.884	-12.000
29	-855.343111	67.899746	-249.784263	0.052276	-0.148769	-0.117037	-131.884	-12.000
30	-855.271321	67.751221	-249.896196	0.071791	-0.148525	-0.111933	-106.884	-12.000
31	-855.183309	67.603038	-250.007686	0.088011	-0.148183	-0.111491	-116.060	-12.000
32	-855.087564	67.455394	-250.128468	0.095745	-0.147644	-0.120781	-141.060	-12.000
33	-854.995359	67.308543	-250.263869	0.092206	-0.146851	-0.135402	-166.060	-12.000
34	-854.911290	67.162648	-250.413899	0.084069	-0.145896	-0.150029	-176.275	-12.000
35	-854.847312	67.017812	-250.575637	0.063978	-0.144836	-0.161739	158.725	-12.000
36	-854.812135	66.873966	-250.740623	0.035177	-0.143846	-0.164986	133.725	-12.000
37	-854.808863	66.730861	-250.897141	0.003272	-0.143105	-0.156517	108.725	-12.000
38	-854.826517	66.588095	-251.056272	-0.017654	-0.142765	-0.159131	133.725	-12.000
39	-854.853100	66.445602	-251.225930	-0.026583	-0.142493	-0.169658	158.725	-4.000
