found=false evaluated=183350 elapsedMs=560.1 nearest=12.480 arrivals=0 minArrivalSpeed=Infinity
0	-866.555184	70.334966	-240.025376	0.369186	-0.037454	-1.241529	-121.828	-1.130
1	-866.132756	70.308596	-241.216099	0.422428	-0.026371	-1.190723	-132.117	-9.130
2	-865.645499	70.309348	-242.311179	0.487258	0.000752	-1.095081	-107.117	-17.130
3	-865.109608	70.346147	-243.272809	0.535891	0.036799	-0.961630	-82.117	-25.130
4	-864.544200	70.398183	-244.087656	0.565407	0.052036	-0.814846	-64.486	-17.130
5	-863.982659	70.452903	-244.743576	0.561541	0.054720	-0.655921	-39.486	-12.000
6	-863.461480	70.494198	-245.247315	0.521179	0.041295	-0.503739	-14.486	-4.000
7	-863.010204	70.514781	-245.625593	0.451276	0.020583	-0.378278	10.514	4.000
8	-862.593491	70.512999	-245.906029	0.416712	-0.001782	-0.280437	-14.486	12.000
9	-862.231688	70.487267	-246.104779	0.361803	-0.025732	-0.198749	10.514	20.000
10	-861.935440	70.433993	-246.245267	0.296248	-0.053273	-0.140488	35.514	28.000
11	-861.704873	70.353974	-246.351561	0.230567	-0.080020	-0.106294	60.514	30.000
12	-861.532158	70.249709	-246.443702	0.172715	-0.104265	-0.092141	85.514	30.000
13	-861.405563	70.123465	-246.534629	0.126595	-0.126244	-0.090927	107.927	30.000
14	-861.318731	69.984924	-246.624008	0.086832	-0.138540	-0.089378	107.852	22.000
15	-861.267092	69.841065	-246.700417	0.051639	-0.143859	-0.076410	82.852	14.000
16	-861.240826	69.693548	-246.756090	0.026266	-0.147517	-0.055672	57.852	12.000
17	-861.233031	69.545461	-246.791684	0.007795	-0.148087	-0.035594	48.087	4.000
18	-861.233373	69.397208	-246.806303	-0.000342	-0.148253	-0.014619	23.087	0.000
19	-861.233137	69.247718	-246.803159	0.000236	-0.149490	0.003143	-1.913	-8.000
20	-861.226314	69.093020	-246.787331	0.006823	-0.154698	0.015829	-26.913	-16.000
21	-861.206865	68.937878	-246.762749	0.019449	-0.155142	0.024582	-51.913	-8.000
22	-861.171314	68.783403	-246.736610	0.035552	-0.154475	0.026139	-76.913	0.000
23	-861.120152	68.629517	-246.717431	0.051162	-0.153887	0.019179	-101.913	0.000
24	-861.057854	68.476148	-246.712897	0.062298	-0.153368	0.004534	-126.913	0.000
25	-860.992402	68.322972	-246.727493	0.065452	-0.153177	-0.014596	-151.913	-8.000
26	-860.917192	68.168947	-246.753186	0.075210	-0.154025	-0.025693	-126.913	-12.000
27	-860.840226	68.010601	-246.794733	0.076966	-0.158346	-0.041546	-151.913	-20.000
28	-860.770387	67.852526	-246.855152	0.069839	-0.158074	-0.060419	-176.913	-12.000
29	-860.717388	67.695930	-246.931927	0.052998	-0.156596	-0.076775	158.087	-4.000
30	-860.668884	67.539559	-247.024119	0.048504	-0.156371	-0.092192	-176.913	-12.000
31	-860.613558	67.384569	-247.128952	0.055326	-0.154990	-0.104833	-151.913	-4.000
