found=false evaluated=131536 elapsedMs=480.5 nearest=4.377 arrivals=0 minArrivalSpeed=Infinity
0	-866.555184	70.334966	-240.025376	0.369186	-0.037454	-1.241529	-121.828	-1.130
1	-866.132756	70.308596	-241.216099	0.422428	-0.026371	-1.190723	-132.117	-9.130
2	-865.665633	70.309348	-242.349320	0.467123	0.000752	-1.133221	-128.542	-17.130
3	-865.147355	70.347592	-243.383604	0.518278	0.038244	-1.034285	-103.542	-25.130
4	-864.583406	70.403114	-244.311909	0.563949	0.055522	-0.928305	-93.784	-17.130
5	-863.981450	70.463711	-245.140060	0.601956	0.060598	-0.828151	-90.594	-12.000
6	-863.355991	70.512169	-245.920628	0.625459	0.048458	-0.780568	-115.594	-4.000
7	-862.699688	70.539772	-246.617140	0.656303	0.027603	-0.696512	-90.594	4.000
8	-862.029474	70.544681	-247.278661	0.670213	0.004909	-0.661521	-115.594	12.000
9	-861.349805	70.531106	-247.914334	0.679670	-0.013575	-0.635673	-119.277	4.000
10	-860.662006	70.499052	-248.528746	0.687799	-0.032054	-0.614412	-120.292	12.000
11	-859.953634	70.446272	-249.085038	0.708372	-0.052779	-0.556292	-95.292	20.000
12	-859.240323	70.368560	-249.628685	0.713311	-0.077713	-0.543647	-120.292	28.000
13	-858.523242	70.266385	-250.164379	0.717081	-0.102174	-0.535694	-122.184	30.000
14	-857.831331	70.142037	-250.723858	0.691911	-0.124348	-0.559479	-147.184	30.000
15	-857.136013	69.997588	-251.281818	0.695318	-0.144449	-0.557960	-127.030	30.000
16	-856.437679	69.834917	-251.840928	0.698334	-0.162671	-0.559110	-128.179	30.000
17	-855.735397	69.655728	-252.401920	0.702282	-0.179189	-0.560992	-128.120	30.000
18	-855.029692	69.461566	-252.967149	0.705705	-0.194162	-0.565229	-129.270	30.000
19	-854.355401	69.253831	-253.565199	0.674291	-0.207735	-0.598050	-154.270	30.000
20	-853.672971	69.033792	-254.164808	0.682430	-0.220040	-0.599609	-129.270	30.000
21	-852.977381	68.802598	-254.760542	0.695590	-0.231193	-0.595733	-125.080	30.000
22	-852.266306	68.570049	-255.353674	0.711075	-0.232549	-0.593132	-124.322	22.000
23	-851.576844	68.327516	-255.976373	0.689462	-0.242533	-0.622699	-149.322	30.000
24	-850.886283	68.075932	-256.611203	0.690562	-0.251584	-0.634829	-136.376	30.000
25	-850.194122	67.816144	-257.258312	0.692160	-0.259788	-0.647109	-136.666	30.000
26	-849.499950	67.548918	-257.917856	0.694172	-0.267226	-0.659544	-136.968	30.000
27	-848.801778	67.284093	-258.591800	0.698172	-0.264825	-0.673944	-137.286	22.000
28	-848.098662	67.028126	-259.281127	0.703116	-0.255967	-0.689327	-137.628	14.000
29	-847.435803	66.783849	-260.011618	0.662859	-0.244277	-0.730491	-162.628	6.000
30	-846.764150	66.550757	-260.752605	0.671653	-0.233092	-0.740986	-138.034	0.000
31	-846.088017	66.343481	-261.499319	0.676133	-0.207276	-0.746714	-138.070	-8.000
32	-845.410898	66.166035	-262.247915	0.677119	-0.177447	-0.748596	-138.113	-12.000
