found=false evaluated=137050 elapsedMs=547.6 nearest=4.182 arrivals=0 minArrivalSpeed=Infinity
0	-866.555184	70.334966	-240.025376	0.369186	-0.037454	-1.241529	-121.828	-1.130
1	-866.132756	70.308596	-241.216099	0.422428	-0.026371	-1.190723	-132.117	-9.130
2	-865.645499	70.309348	-242.311179	0.487258	0.000752	-1.095081	-107.117	-17.130
3	-865.109197	70.346147	-243.297608	0.536302	0.036799	-0.986428	-95.986	-25.130
4	-864.546163	70.398993	-244.227673	0.563034	0.052846	-0.930066	-120.986	-17.130
5	-863.945465	70.456995	-245.066746	0.600698	0.058002	-0.839073	-95.986	-12.000
6	-863.324668	70.502981	-245.865314	0.620797	0.045986	-0.798568	-120.771	-4.000
7	-862.671909	70.528161	-246.586907	0.652759	0.025180	-0.721593	-95.771	4.000
8	-861.993999	70.530695	-247.227521	0.677910	0.002535	-0.640615	-88.617	12.000
9	-861.296069	70.515025	-247.797798	0.697930	-0.015670	-0.570277	-89.688	4.000
10	-860.584055	70.491175	-248.307641	0.712014	-0.023850	-0.509842	-91.096	-4.000
11	-859.868276	70.452222	-248.801768	0.715779	-0.038954	-0.494127	-116.096	4.000
12	-859.173145	70.397676	-249.313128	0.695131	-0.054546	-0.511360	-141.096	12.000
13	-858.513603	70.324801	-249.851344	0.659542	-0.072875	-0.538216	-154.058	20.000
14	-857.885111	70.228930	-250.412938	0.628492	-0.095871	-0.561594	-153.537	28.000
15	-857.253022	70.110296	-250.970762	0.632088	-0.118635	-0.557824	-128.545	30.000
16	-856.616189	69.971026	-251.525762	0.636834	-0.139270	-0.554999	-128.213	30.000
17	-855.974854	69.813051	-252.080381	0.641334	-0.157975	-0.554619	-129.121	30.000
18	-855.329169	69.638118	-252.636701	0.645686	-0.174932	-0.556320	-129.930	30.000
19	-854.678302	69.447815	-253.195423	0.650867	-0.190304	-0.558722	-129.838	30.000
20	-854.016349	69.243577	-253.750398	0.661953	-0.204238	-0.554974	-124.866	30.000
21	-853.344521	69.026708	-254.304668	0.671828	-0.216869	-0.554270	-126.087	30.000
22	-852.695151	68.806990	-254.890447	0.649370	-0.219718	-0.585779	-151.087	22.000
23	-852.109262	68.591067	-255.519109	0.585889	-0.215924	-0.628662	-176.087	14.000
24	-851.536023	68.382151	-256.171969	0.573239	-0.208916	-0.652860	-151.087	6.000
25	-850.939811	68.176978	-256.815955	0.596213	-0.205172	-0.643986	-126.087	12.000
26	-850.328903	67.969524	-257.458358	0.610907	-0.207454	-0.642403	-130.731	20.000
27	-849.705562	67.752047	-258.099089	0.623342	-0.217477	-0.640731	-130.858	28.000
28	-849.046530	67.533599	-258.699419	0.659032	-0.218448	-0.600330	-105.858	20.000
29	-848.379360	67.306188	-259.303484	0.667170	-0.227411	-0.604066	-130.858	28.000
30	-847.741297	67.068313	-259.939016	0.638063	-0.237875	-0.635531	-155.858	30.000
31	-847.147571	66.829778	-260.611887	0.593726	-0.238535	-0.672872	-166.695	22.000
32	-846.641025	66.597150	-261.319936	0.506546	-0.232628	-0.708049	168.305	14.000
33	-846.164721	66.373483	-262.056405	0.476304	-0.223667	-0.736468	-166.695	6.000
34	-845.673056	66.158569	-262.797773	0.491665	-0.214914	-0.741368	-141.695	0.000
