found=false evaluated=195350 elapsedMs=604.9 nearest=5.137 arrivals=0 minArrivalSpeed=Infinity
0	-866.555184	70.334966	-240.025376	0.369186	-0.037454	-1.241529	-121.828	-1.130
1	-866.132756	70.308596	-241.216099	0.422428	-0.026371	-1.190723	-132.117	-9.130
2	-865.662600	70.298153	-242.351736	0.470157	-0.010443	-1.135638	-128.542	-12.000
3	-865.154656	70.317415	-243.427585	0.507944	0.019262	-1.075848	-125.707	-20.000
4	-864.611007	70.345491	-244.446515	0.543649	0.028076	-1.018930	-123.531	-12.000
5	-864.029781	70.363225	-245.409580	0.581226	0.017734	-0.963065	-119.684	-4.000
6	-863.421013	70.388255	-246.317048	0.608767	0.025030	-0.907468	-118.512	-12.000
7	-862.790099	70.419142	-247.172339	0.630914	0.030887	-0.855291	-117.838	-12.000
8	-862.137023	70.438825	-247.981872	0.653076	0.019683	-0.809533	-117.566	-4.000
9	-861.452209	70.438288	-248.707778	0.684814	-0.000537	-0.725906	-92.566	4.000
10	-860.741582	70.417788	-249.346646	0.710627	-0.020499	-0.638868	-85.495	12.000
11	-860.016297	70.375333	-249.950310	0.725285	-0.042456	-0.603664	-110.495	20.000
12	-859.300899	70.306948	-250.558550	0.715398	-0.068384	-0.608240	-135.495	28.000
13	-858.608801	70.213230	-251.184066	0.692098	-0.093718	-0.625516	-146.805	30.000
14	-857.906345	70.096548	-251.794608	0.702457	-0.116683	-0.610543	-121.805	30.000
15	-857.191923	69.959047	-252.389809	0.714422	-0.137500	-0.595201	-120.045	30.000
16	-856.467107	69.802675	-252.974345	0.724815	-0.156372	-0.584537	-121.558	30.000
17	-855.733266	69.629197	-253.552350	0.733841	-0.173478	-0.578004	-123.007	30.000
18	-855.023035	69.440211	-254.157600	0.710231	-0.188986	-0.605250	-148.007	30.000
19	-854.331958	69.237168	-254.787041	0.691077	-0.203043	-0.629441	-147.131	30.000
20	-853.624370	69.021382	-255.405552	0.707588	-0.215786	-0.618511	-122.131	30.000
21	-852.934317	68.794045	-256.048867	0.690052	-0.227338	-0.643315	-147.131	30.000
22	-852.225542	68.556236	-256.681058	0.708775	-0.237809	-0.632191	-122.131	30.000
23	-851.484304	68.308935	-257.268065	0.741239	-0.247301	-0.587007	-102.201	30.000
24	-850.714183	68.053028	-257.766173	0.770121	-0.255906	-0.498108	-77.201	30.000
25	-849.920256	67.789322	-258.233285	0.793927	-0.263706	-0.467112	-102.201	30.000
26	-849.124330	67.518545	-258.716688	0.795926	-0.270777	-0.483403	-127.201	30.000
27	-848.361478	67.250538	-259.249224	0.762853	-0.268007	-0.532536	-152.201	22.000
28	-847.676085	66.991747	-259.840132	0.685393	-0.258791	-0.590908	-177.201	14.000
29	-847.108557	66.744976	-260.472381	0.567527	-0.246771	-0.632249	157.799	6.000
30	-846.597622	66.509684	-261.143466	0.510935	-0.235292	-0.671085	-177.201	0.000
31	-846.092829	66.284516	-261.835389	0.504794	-0.225168	-0.691923	-152.201	0.000
