found=false evaluated=122640 elapsedMs=1024.8 nearest=21.201 arrivals=0 minArrivalSpeed=Infinity
0	-866.555184	70.334966	-240.025376	0.369186	-0.037454	-1.241529	-121.828	-1.130
1	-866.132756	70.308596	-241.216099	0.422428	-0.026371	-1.190723	-132.117	-9.130
2	-865.665633	70.309348	-242.349320	0.467123	0.000752	-1.133221	-128.542	-17.130
3	-865.156757	70.321959	-243.425631	0.508876	0.012611	-1.076311	-125.709	-12.000
4	-864.600683	70.360164	-244.404039	0.556074	0.038205	-0.978408	-100.709	-20.000
5	-864.002146	70.404814	-245.275762	0.598537	0.044650	-0.871722	-89.978	-12.000
6	-863.376339	70.437937	-246.095562	0.625807	0.033124	-0.819800	-114.978	-4.000
7	-862.729627	70.450512	-246.875838	0.646712	0.012575	-0.780276	-119.214	4.000
8	-862.052496	70.441633	-247.578499	0.677131	-0.008879	-0.702661	-94.214	12.000
9	-861.356435	70.415891	-248.169368	0.696061	-0.025743	-0.590869	-69.214	4.000
10	-860.671948	70.383256	-248.629748	0.684486	-0.032635	-0.460379	-44.214	-4.000
11	-859.981333	70.336549	-249.009299	0.690615	-0.046707	-0.379551	-69.214	4.000
12	-859.307447	70.277713	-249.287301	0.673886	-0.058836	-0.278003	-44.214	0.000
13	-858.682153	70.219730	-249.463667	0.625293	-0.057983	-0.176366	-19.214	-8.000
14	-858.119331	70.168777	-249.556326	0.562822	-0.050953	-0.092659	-5.039	-16.000
15	-857.590716	70.125232	-249.591953	0.528615	-0.043544	-0.035626	-30.039	-24.000
16	-857.076405	70.082977	-249.593410	0.514312	-0.042255	-0.001457	-55.039	-16.000
17	-856.570060	70.044384	-249.586262	0.506344	-0.038593	0.007148	-80.039	-24.000
18	-856.070274	70.005724	-249.592960	0.499786	-0.038661	-0.006698	-105.039	-16.000
