found=false evaluated=92995 elapsedMs=366.8 nearest=2.110 arrivals=0 minArrivalSpeed=Infinity
0	-866.555184	70.334966	-240.025376	0.369186	-0.037454	-1.241529	-121.828	-1.130
1	-866.132756	70.308596	-241.216099	0.422428	-0.026371	-1.190723	-132.117	-9.130
2	-865.665633	70.309348	-242.349320	0.467123	0.000752	-1.133221	-128.542	-17.130
3	-865.147355	70.347592	-243.383604	0.518278	0.038244	-1.034285	-103.542	-25.130
4	-864.583406	70.403114	-244.311909	0.563949	0.055522	-0.928305	-93.784	-17.130
5	-863.981450	70.463711	-245.140060	0.601956	0.060598	-0.828151	-90.594	-12.000
6	-863.355991	70.512169	-245.920628	0.625459	0.048458	-0.780568	-115.594	-4.000
7	-862.699688	70.539772	-246.617140	0.656303	0.027603	-0.696512	-90.594	4.000
8	-862.029474	70.544681	-247.278661	0.670213	0.004909	-0.661521	-115.594	12.000
9	-861.349805	70.531106	-247.914334	0.679670	-0.013575	-0.635673	-119.277	4.000
10	-860.662006	70.499052	-248.528746	0.687799	-0.032054	-0.614412	-120.292	12.000
11	-859.953634	70.446272	-249.085038	0.708372	-0.052779	-0.556292	-95.292	20.000
12	-859.240323	70.368560	-249.628685	0.713311	-0.077713	-0.543647	-120.292	28.000
13	-858.523242	70.266385	-250.164379	0.717081	-0.102174	-0.535694	-122.184	30.000
14	-857.831331	70.142037	-250.723858	0.691911	-0.124348	-0.559479	-147.184	30.000
15	-857.136013	69.997588	-251.281818	0.695318	-0.144449	-0.557960	-127.030	30.000
16	-856.437679	69.834917	-251.840928	0.698334	-0.162671	-0.559110	-128.179	30.000
17	-855.735397	69.655728	-252.401920	0.702282	-0.179189	-0.560992	-128.120	30.000
18	-855.029692	69.461566	-252.967149	0.705705	-0.194162	-0.565229	-129.270	30.000
19	-854.355401	69.253831	-253.565199	0.674291	-0.207735	-0.598050	-154.270	30.000
20	-853.672971	69.033792	-254.164808	0.682430	-0.220040	-0.599609	-129.270	30.000
21	-852.977381	68.802598	-254.760542	0.695590	-0.231193	-0.595733	-125.080	30.000
22	-852.302467	68.570049	-255.387158	0.674914	-0.232549	-0.626617	-150.080	22.000
23	-851.665159	68.342735	-256.052234	0.637308	-0.227314	-0.665076	-161.385	14.000
24	-851.060761	68.113661	-256.749392	0.604398	-0.229074	-0.697158	-160.732	22.000
25	-850.446165	67.874277	-257.448607	0.614596	-0.239383	-0.699215	-135.732	30.000
26	-849.814347	67.625549	-258.143148	0.631818	-0.248729	-0.694541	-130.349	30.000
27	-849.143475	67.368349	-258.791606	0.670872	-0.257200	-0.648458	-105.349	30.000
28	-848.456456	67.112504	-259.440678	0.687020	-0.255845	-0.649072	-128.612	22.000
29	-847.762299	66.864510	-260.102440	0.694157	-0.247994	-0.661762	-135.490	14.000
30	-847.060998	66.627273	-260.777005	0.701301	-0.237237	-0.674565	-135.727	6.000
31	-846.397184	66.404555	-261.489450	0.663814	-0.222718	-0.712445	-160.727	-2.000
32	-845.816853	66.209370	-262.235189	0.580331	-0.195185	-0.745739	174.273	-10.000
33	-845.325132	66.049085	-262.997353	0.491720	-0.160285	-0.762163	165.453	-18.000
34	-844.943951	65.926168	-263.745400	0.381182	-0.122917	-0.748048	140.453	-26.000
35	-844.650221	65.835674	-264.475848	0.293730	-0.090494	-0.730448	144.324	-30.000
36	-844.451542	65.771293	-265.162085	0.198679	-0.064381	-0.686237	119.324	-30.000
