found=true rollouts=258 elapsedMs=358.0 score=-1.000
0	-851.351586	68.916390	-256.493869	0.724252	-0.044435	-0.525934	-114.104	-12.000
1	-850.645964	68.867101	-257.032114	0.705622	-0.049288	-0.538245	-139.104	-4.000
2	-849.991602	68.807283	-257.601772	0.654362	-0.059818	-0.569658	-164.104	-0.670
3	-849.422537	68.751905	-258.196524	0.569065	-0.055378	-0.594752	170.896	-8.670
4	-848.951153	68.710040	-258.797665	0.471384	-0.041866	-0.601141	153.407	-16.670
5	-848.533084	68.685017	-259.402839	0.418069	-0.025023	-0.605174	178.407	-24.670
6	-848.135711	68.677908	-259.999511	0.397373	-0.007110	-0.596672	-156.593	-32.670
7	-847.761393	68.687937	-260.584441	0.374319	0.010029	-0.584930	-159.186	-40.670
8	-847.390163	68.712345	-261.142270	0.371230	0.024407	-0.557828	-134.186	-46.375
9	-847.034066	68.747853	-261.683841	0.356097	0.035508	-0.541571	-150.375	-42.740
10	-846.691453	68.790552	-262.210925	0.342613	0.042699	-0.527084	-150.375	-34.740
11	-846.360404	68.836374	-262.725895	0.331049	0.045823	-0.514970	-150.375	-26.740
12	-846.038945	68.880283	-263.231324	0.321459	0.043909	-0.505429	-150.375	-18.740
13	-845.712005	68.925618	-263.710431	0.326940	0.045335	-0.479107	-125.375	-26.740
14	-845.375804	68.972814	-264.145535	0.336200	0.047196	-0.435104	-100.375	-34.740
15	-845.036426	69.019218	-264.522821	0.339378	0.046403	-0.377286	-75.375	-42.740
16	-844.705868	69.059505	-264.835656	0.330559	0.040287	-0.312835	-50.375	-50.740
17	-844.384325	69.091437	-265.093092	0.321543	0.031932	-0.257436	-51.747	-42.740
18	-844.083039	69.113980	-265.293118	0.301286	0.022543	-0.200025	-26.747	-34.740
19	-843.800783	69.125730	-265.443938	0.282256	0.011750	-0.150820	-26.747	-26.740
20	-843.536623	69.125552	-265.553180	0.264159	-0.000179	-0.109242	-26.747	-25.689
21	-843.300426	69.113531	-265.623244	0.236198	-0.012021	-0.070063	-1.747	-17.689
22	-843.100172	69.088898	-265.661936	0.200254	-0.024633	-0.038693	23.253	-9.689
23	-842.935984	69.051970	-265.678108	0.164188	-0.036928	-0.016172	37.878	-7.940
24	-842.802338	69.003500	-265.676260	0.133646	-0.048470	0.001848	37.878	-7.940
25	-842.699225	68.943183	-265.666436	0.103113	-0.060317	0.009824	62.878	-15.940
26	-842.621678	68.867447	-265.651849	0.077546	-0.075736	0.014586	67.848	-23.940
27	-842.565129	68.770347	-265.633746	0.056549	-0.097100	0.018103	67.848	-31.940
28	-842.525811	68.644308	-265.613111	0.039319	-0.126039	0.020635	67.848	-39.940
29	-842.497972	68.481729	-265.586969	0.027839	-0.162579	0.026142	42.848	-47.168
30	-842.476732	68.284424	-265.552606	0.021240	-0.197305	0.034363	17.848	-47.168
31	-842.456161	68.054863	-265.508870	0.020571	-0.229560	0.043736	-7.152	-47.168
32	-842.429782	67.795884	-265.457092	0.026379	-0.258980	0.051777	-32.152	-47.168
33	-842.404618	67.499062	-265.397725	0.025164	-0.296822	0.059367	-7.152	-55.168
34	-842.386633	67.165894	-265.331053	0.017985	-0.333168	0.066673	17.848	-55.963
