found=false evaluated=148225 elapsedMs=733.9 nearest=0.334 arrivals=2404 minArrivalSpeed=0.705
0	-866.555184	70.334966	-240.025376	0.369186	-0.037454	-1.241529	-121.828	-1.130
1	-866.132756	70.308596	-241.216099	0.422428	-0.026371	-1.190723	-132.117	-9.130
2	-865.662600	70.298153	-242.351736	0.470157	-0.010443	-1.135638	-128.542	-12.000
3	-865.154656	70.317415	-243.427585	0.507944	0.019262	-1.075848	-125.707	-20.000
4	-864.594729	70.345491	-244.406464	0.559927	0.028076	-0.978879	-100.707	-12.000
5	-863.997937	70.394909	-245.278619	0.596792	0.049418	-0.872154	-89.984	-20.000
6	-863.378461	70.448759	-246.096590	0.619476	0.053850	-0.817971	-114.984	-12.000
7	-862.740064	70.490624	-246.873718	0.638398	0.041865	-0.777128	-119.202	-4.000
8	-862.113011	70.511765	-247.646895	0.627052	0.021142	-0.773177	-144.202	4.000
9	-861.468172	70.510479	-248.383939	0.644840	-0.001287	-0.737044	-119.202	12.000
10	-860.835607	70.485189	-249.121087	0.632565	-0.025290	-0.737148	-144.202	20.000
11	-860.184501	70.432315	-249.826786	0.651106	-0.052873	-0.705699	-119.202	28.000
12	-859.513304	70.352658	-250.499092	0.671197	-0.079657	-0.672306	-115.548	30.000
13	-858.850636	70.248721	-251.176654	0.662668	-0.103937	-0.677562	-140.548	30.000
14	-858.167170	70.122775	-251.824830	0.683466	-0.125946	-0.648176	-115.548	30.000
15	-857.467115	69.976877	-252.452564	0.700054	-0.145898	-0.627734	-118.865	30.000
16	-856.781346	69.812894	-253.096819	0.685769	-0.163984	-0.644255	-143.865	30.000
17	-856.077102	69.632515	-253.722237	0.704244	-0.180379	-0.625419	-118.865	30.000
18	-855.356284	69.437274	-254.333096	0.720818	-0.195241	-0.610859	-119.872	30.000
19	-854.615149	69.228561	-254.923047	0.741135	-0.208713	-0.589951	-114.792	30.000
20	-853.883743	69.007635	-255.532751	0.731406	-0.220926	-0.609704	-139.792	30.000
21	-853.129142	68.784282	-256.123536	0.754601	-0.223352	-0.590784	-114.792	22.000
22	-852.341207	68.565133	-256.649505	0.787935	-0.219150	-0.525970	-89.792	14.000
23	-851.536797	68.343372	-257.165424	0.804409	-0.221761	-0.515919	-114.792	22.000
24	-850.747916	68.110618	-257.710464	0.788881	-0.232754	-0.545040	-139.792	30.000
25	-849.940684	67.876671	-258.244289	0.807232	-0.233947	-0.533825	-114.792	22.000
26	-849.145647	67.648116	-258.809591	0.795037	-0.228555	-0.565302	-139.792	14.000
27	-848.406771	67.417930	-259.425465	0.738876	-0.230186	-0.615873	-164.792	22.000
28	-847.673219	67.192714	-260.063187	0.733552	-0.225216	-0.637722	-139.792	14.000
29	-846.938355	66.975591	-260.716807	0.734864	-0.217122	-0.653620	-136.423	6.000
30	-846.245843	66.766450	-261.411501	0.692513	-0.209142	-0.694694	-161.423	0.000
31	-845.604502	66.580009	-262.140179	0.641341	-0.186441	-0.728678	-167.504	-8.000
32	-844.969801	66.425900	-262.871894	0.634701	-0.154109	-0.731715	-142.504	-16.000
33	-844.338856	66.310018	-263.593472	0.630945	-0.115882	-0.721578	-136.779	-24.000
34	-843.695062	66.233362	-264.269009	0.643794	-0.076656	-0.675537	-111.779	-30.000
35	-843.063476	66.190675	-264.930621	0.631586	-0.042687	-0.661612	-135.848	-30.000
36	-842.426490	66.177620	-265.548391	0.636986	-0.013055	-0.617770	-110.848	-30.000
