found=false rollouts=2048 elapsedMs=1025.1 score=0.000
0	-851.351586	68.916390	-256.493869	0.724252	-0.044435	-0.525934	-114.104	-12.000
1	-850.645964	68.867101	-257.032114	0.705622	-0.049288	-0.538245	-139.104	-4.000
2	-849.991601	68.807283	-257.601772	0.654363	-0.059819	-0.569658	-164.104	-0.670
3	-849.422534	68.751905	-258.196523	0.569066	-0.055378	-0.594751	170.896	-8.670
4	-848.951148	68.710039	-258.797664	0.471386	-0.041866	-0.601141	153.407	-16.670
5	-848.533078	68.685015	-259.402839	0.418070	-0.025023	-0.605175	178.407	-24.670
6	-848.135703	68.677905	-259.999511	0.397375	-0.007110	-0.596672	-156.593	-32.670
7	-847.761382	68.687934	-260.584442	0.374321	0.010029	-0.584931	-159.186	-40.670
8	-847.390150	68.712342	-261.142271	0.371232	0.024407	-0.557829	-134.186	-46.375
9	-847.034051	68.747850	-261.683843	0.356099	0.035508	-0.541572	-150.375	-42.740
10	-846.691436	68.790549	-262.210928	0.342615	0.042699	-0.527085	-150.375	-34.740
11	-846.360384	68.836371	-262.725898	0.331052	0.045822	-0.514970	-150.375	-26.740
12	-846.038923	68.880280	-263.231328	0.321462	0.043909	-0.505430	-150.375	-18.740
13	-845.711980	68.925615	-263.710436	0.326943	0.045335	-0.479108	-125.375	-26.740
14	-845.375777	68.972810	-264.145542	0.336203	0.047196	-0.435105	-100.375	-34.740
15	-845.036397	69.019213	-264.522828	0.339381	0.046403	-0.377287	-75.375	-42.740
16	-844.705836	69.059501	-264.835664	0.330561	0.040288	-0.312835	-50.375	-50.740
17	-844.384291	69.091434	-265.093100	0.321545	0.031933	-0.257437	-51.747	-42.740
18	-844.083002	69.113978	-265.293126	0.301289	0.022544	-0.200026	-26.747	-34.740
19	-843.800744	69.125729	-265.443947	0.282258	0.011751	-0.150820	-26.747	-26.740
20	-843.536583	69.125551	-265.553189	0.264162	-0.000178	-0.109242	-26.747	-25.689
21	-843.300383	69.113531	-265.623252	0.236200	-0.012020	-0.070063	-1.747	-17.689
22	-843.100127	69.088899	-265.661944	0.200256	-0.024633	-0.038692	23.253	-9.689
23	-842.935937	69.051971	-265.678116	0.164190	-0.036927	-0.016171	37.878	-7.940
24	-842.802290	69.003502	-265.676267	0.133647	-0.048469	0.001849	37.878	-7.940
25	-842.699175	68.943186	-265.666443	0.103115	-0.060316	0.009825	62.878	-15.940
26	-842.621627	68.867450	-265.651856	0.077547	-0.075736	0.014587	67.848	-23.940
27	-842.565077	68.770350	-265.633752	0.056550	-0.097100	0.018104	67.848	-31.940
28	-842.525757	68.644311	-265.613116	0.039320	-0.126039	0.020636	67.848	-39.940
29	-842.497917	68.481731	-265.586974	0.027840	-0.162580	0.026142	42.848	-47.168
30	-842.476677	68.284425	-265.552610	0.021241	-0.197306	0.034364	17.848	-47.168
31	-842.456105	68.054862	-265.508873	0.020572	-0.229562	0.043737	-7.152	-47.168
32	-842.429725	67.795881	-265.457096	0.026380	-0.258982	0.051777	-32.152	-47.168
33	-842.404560	67.499056	-265.397729	0.025165	-0.296824	0.059367	-7.152	-55.168
34	-842.386574	67.165885	-265.331056	0.017986	-0.333171	0.066673	17.848	-55.963
