found=true rollouts=66 elapsedMs=56.0 score=-1.000
0	-851.351586	68.916390	-256.493869	0.724252	-0.044435	-0.525934	-114.104	-12.000
1	-850.646251	68.868519	-257.031782	0.705334	-0.047871	-0.537913	-139.104	-4.789
2	-849.993720	68.827391	-257.595616	0.652532	-0.041128	-0.563834	-164.104	-10.789
3	-849.398969	68.802145	-258.177739	0.594751	-0.025246	-0.582122	-170.500	-18.789
4	-848.827641	68.797395	-258.756653	0.571328	-0.004749	-0.578914	-145.500	-26.789
5	-848.306430	68.802623	-259.345115	0.521211	0.005228	-0.588462	-170.500	-18.789
6	-847.861814	68.806141	-259.940772	0.444616	0.003518	-0.595657	164.500	-10.789
7	-847.510820	68.809099	-260.524376	0.350994	0.002957	-0.583605	139.500	-12.400
8	-847.220790	68.811987	-261.103232	0.290030	0.002888	-0.578855	158.906	-14.475
9	-846.958473	68.819837	-261.676104	0.262317	0.007850	-0.572872	-176.094	-22.475
10	-846.709549	68.834899	-262.237113	0.248924	0.015061	-0.561009	-163.274	-30.475
11	-846.473745	68.856890	-262.783602	0.235804	0.021991	-0.546489	-163.274	-38.475
12	-846.250677	68.883558	-263.313671	0.223068	0.026668	-0.530069	-163.274	-45.458
13	-846.025297	68.913177	-263.822661	0.225380	0.029619	-0.508990	-144.037	-37.458
14	-845.784542	68.943085	-264.298345	0.240755	0.029909	-0.475684	-119.037	-29.458
15	-845.525706	68.971106	-264.725307	0.258836	0.028021	-0.426962	-94.037	-26.559
16	-845.255553	68.996324	-265.099506	0.270154	0.025218	-0.374199	-81.052	-34.559
17	-844.985280	69.014878	-265.413014	0.270273	0.018554	-0.313508	-56.052	-42.559
18	-844.728516	69.019964	-265.665857	0.256764	0.005086	-0.252843	-31.052	-50.559
19	-844.485813	69.006369	-265.867649	0.242703	-0.013595	-0.201792	-30.660	-52.044
20	-844.256934	68.970736	-266.026140	0.228879	-0.035633	-0.158491	-30.660	-52.044
21	-844.035373	68.910470	-266.152864	0.221561	-0.060266	-0.126725	-50.581	-52.276
22	-843.820965	68.824668	-266.251804	0.214409	-0.085801	-0.098940	-50.581	-52.276
23	-843.613316	68.712884	-266.326306	0.207649	-0.111784	-0.074502	-50.581	-52.276
24	-843.411870	68.575050	-266.379182	0.201446	-0.137834	-0.052876	-50.581	-52.276
25	-843.222988	68.412857	-266.406673	0.188882	-0.162193	-0.027491	-25.581	-50.838
26	-843.054478	68.226053	-266.409791	0.168510	-0.186804	-0.003118	-0.581	-50.838
27	-842.912876	68.013919	-266.393759	0.141602	-0.212134	0.016032	24.419	-50.838
28	-842.800750	67.775421	-266.365657	0.112126	-0.238498	0.028102	45.461	-50.838
29	-842.708742	67.519851	-266.319703	0.092008	-0.255570	0.045954	20.685	-42.838
30	-842.634844	67.249221	-266.257354	0.073898	-0.270629	0.062348	20.685	-41.422
31	-842.577185	66.964153	-266.180127	0.057659	-0.285069	0.077227	20.685	-41.422
