found=true rollouts=624 elapsedMs=275.9 score=-1.000
0	-866.555184	70.334966	-240.025376	0.369186	-0.037454	-1.241529	-121.828	-1.130
1	-866.104183	70.308595	-241.162964	0.451001	-0.026371	-1.137588	-104.421	-9.130
2	-865.591731	70.307544	-242.197746	0.512452	-0.001050	-1.034782	-100.846	-16.962
3	-865.036831	70.340127	-243.133570	0.554900	0.032583	-0.935825	-98.011	-24.962
4	-864.450225	70.387268	-243.939224	0.586606	0.047141	-0.805653	-73.011	-16.962
5	-863.856724	70.431914	-244.596600	0.593500	0.044645	-0.657376	-49.517	-8.962
6	-863.243928	70.457914	-245.159057	0.612796	0.026001	-0.562458	-74.518	-0.962
7	-862.617165	70.462912	-245.644122	0.626763	0.004998	-0.485064	-78.736	7.038
8	-861.980965	70.445992	-246.095320	0.636200	-0.016920	-0.451198	-103.735	15.038
9	-861.342258	70.412578	-246.533713	0.638706	-0.033414	-0.438393	-116.851	7.038
10	-860.723143	70.367082	-246.988011	0.619115	-0.045496	-0.454299	-141.851	-0.962
11	-860.100406	70.316536	-247.428790	0.622738	-0.050546	-0.440778	-116.851	-4.520
12	-859.471444	70.258407	-247.853279	0.628962	-0.058130	-0.424490	-113.197	-2.520
13	-858.855573	70.188943	-248.291987	0.615870	-0.069463	-0.438708	-137.480	5.480
14	-858.230443	70.106667	-248.714486	0.625130	-0.082276	-0.422499	-112.480	13.480
15	-857.598333	70.010847	-249.127242	0.632111	-0.095820	-0.412756	-115.797	17.301
16	-856.981664	69.902963	-249.560547	0.616669	-0.107883	-0.433305	-140.797	17.301
17	-856.377137	69.778020	-250.011005	0.604527	-0.124944	-0.450458	-139.456	25.301
18	-855.783879	69.636427	-250.478541	0.593258	-0.141593	-0.467536	-140.463	26.661
19	-855.194084	69.479820	-250.957142	0.589795	-0.156606	-0.478601	-135.383	26.661
20	-854.638823	69.309676	-251.467055	0.555261	-0.170144	-0.509912	-160.383	26.661
21	-854.089342	69.130306	-251.992283	0.549481	-0.179369	-0.525228	-142.326	23.645
22	-853.517944	68.949162	-252.502532	0.571397	-0.181144	-0.510250	-117.326	15.645
23	-852.952846	68.759918	-253.029667	0.565098	-0.189245	-0.527135	-142.326	23.645
24	-852.429359	68.554707	-253.588209	0.523487	-0.205210	-0.558542	-167.326	31.645
25	-851.905882	68.343857	-254.159753	0.523477	-0.210850	-0.571544	-142.326	23.645
26	-851.404447	68.134722	-254.758560	0.501435	-0.209135	-0.598807	-158.646	15.645
27	-850.963866	67.931290	-255.389369	0.440581	-0.203433	-0.630809	176.354	7.645
28	-850.536384	67.734818	-256.040746	0.427482	-0.196472	-0.651377	-158.646	-0.355
29	-850.093003	67.543307	-256.694406	0.443381	-0.191510	-0.653660	-139.543	5.081
30	-849.672209	67.358325	-257.369909	0.420794	-0.184982	-0.675503	-164.543	-0.919
31	-849.282238	67.191249	-258.062890	0.389971	-0.167076	-0.692981	-170.624	-8.919
32	-848.886133	67.049200	-258.751437	0.396105	-0.142050	-0.688547	-145.624	-16.919
33	-848.483382	66.935856	-259.426715	0.402751	-0.113344	-0.675278	-141.117	-24.919
34	-848.059795	66.851845	-260.060124	0.423586	-0.084011	-0.633410	-116.117	-32.919
35	-847.641241	66.794556	-260.673845	0.418555	-0.057289	-0.613721	-140.186	-40.919
36	-847.213557	66.760529	-261.246418	0.427683	-0.034027	-0.572573	-115.186	-42.994
37	-846.791198	66.744507	-261.800873	0.422359	-0.016022	-0.554455	-137.007	-34.994
38	-846.373178	66.740542	-262.339620	0.418021	-0.003966	-0.538747	-137.007	-26.994
39	-845.958434	66.741323	-262.865004	0.414744	0.000782	-0.525383	-137.007	-18.994
40	-845.545559	66.738384	-263.379607	0.412875	-0.002939	-0.514603	-137.007	-10.994
41	-845.122063	66.739178	-263.860600	0.423496	0.000794	-0.480993	-112.007	-18.994
42	-844.689492	66.747187	-264.286278	0.432571	0.008009	-0.425678	-87.007	-26.994
43	-844.260296	66.761843	-264.642288	0.429196	0.014656	-0.356010	-62.007	-34.994
44	-843.845239	66.778705	-264.931139	0.415057	0.016862	-0.288851	-49.022	-42.994
45	-843.459433	66.793196	-265.152628	0.385806	0.014491	-0.221488	-24.022	-42.868
46	-843.116275	66.800300	-265.315131	0.343158	0.007103	-0.162503	0.978	-42.868
