found=false evaluated=248710 elapsedMs=765.6 nearest=8.890 arrivals=0 minArrivalSpeed=Infinity
0	-866.555184	70.334966	-240.025376	0.369186	-0.037454	-1.241529	-121.828	-1.130
1	-866.132756	70.308596	-241.216099	0.422428	-0.026371	-1.190723	-132.117	-9.130
2	-865.665633	70.309348	-242.349320	0.467123	0.000752	-1.133221	-128.542	-17.130
3	-865.156757	70.321959	-243.425631	0.508876	0.012611	-1.076311	-125.709	-12.000
4	-864.600683	70.360164	-244.404039	0.556074	0.038205	-0.978408	-100.709	-20.000
5	-864.002146	70.404814	-245.275762	0.598537	0.044650	-0.871722	-89.978	-12.000
6	-863.376339	70.437937	-246.095562	0.625807	0.033124	-0.819800	-114.978	-4.000
7	-862.729627	70.450512	-246.875838	0.646712	0.012575	-0.780276	-119.214	4.000
8	-862.052496	70.441633	-247.578499	0.677131	-0.008879	-0.702661	-94.214	12.000
9	-861.356435	70.415891	-248.169368	0.696061	-0.025743	-0.590869	-69.214	4.000
10	-860.670338	70.373053	-248.628093	0.686096	-0.042837	-0.458725	-44.214	12.000
11	-859.984778	70.310640	-248.991083	0.685560	-0.062414	-0.362990	-58.369	20.000
12	-859.300920	70.224221	-249.274137	0.683859	-0.086418	-0.283054	-61.065	28.000
13	-858.611105	70.107772	-249.520802	0.689815	-0.116450	-0.246665	-86.065	36.000
14	-857.921684	69.954065	-249.769389	0.689421	-0.153707	-0.248587	-111.065	44.000
15	-857.243259	69.755156	-250.038138	0.678425	-0.198909	-0.268749	-126.378	52.000
16	-856.601359	69.502991	-250.346168	0.641899	-0.252165	-0.308030	-151.378	60.000
17	-855.964263	69.211251	-250.668626	0.637096	-0.291740	-0.322458	-126.378	52.000
18	-855.355223	68.894648	-251.031776	0.609041	-0.316603	-0.363150	-151.378	44.000
19	-854.739270	68.567382	-251.409339	0.615952	-0.327266	-0.377562	-126.378	36.000
20	-854.127484	68.241643	-251.818953	0.611786	-0.325739	-0.409614	-139.297	28.000
21	-853.555145	67.926468	-252.280805	0.572340	-0.315176	-0.461853	-164.297	20.000
22	-852.978931	67.627124	-252.769342	0.576214	-0.299344	-0.488537	-139.297	12.000
23	-852.394256	67.345053	-253.279171	0.584674	-0.282071	-0.509829	-136.286	4.000
24	-851.810441	67.085013	-253.813340	0.583816	-0.260040	-0.534169	-141.806	-4.000
25	-851.231926	66.855170	-254.366245	0.578515	-0.229843	-0.552905	-142.838	-12.000
26	-850.663739	66.660006	-254.931421	0.568187	-0.195164	-0.565176	-143.985	-20.000
27	-850.107482	66.500831	-255.499724	0.556257	-0.159176	-0.568303	-142.316	-28.000
28	-849.567219	66.376380	-256.064760	0.540263	-0.124451	-0.565036	-142.739	-36.000
29	-849.046257	66.283358	-256.621059	0.520962	-0.093022	-0.556299	-143.166	-44.000
30	-848.568281	66.217055	-257.182578	0.477976	-0.066303	-0.561519	-168.166	-36.000
31	-848.107006	66.174206	-257.731412	0.461276	-0.042850	-0.548833	-143.886	-44.000
32	-847.660408	66.150519	-258.269748	0.446598	-0.023686	-0.538336	-144.180	-36.000
