tick	x	y	z	yaw	pitch	vx	vy	vz	boost	fire	cursor	note
0	-984.500	64.417	-48.500	-168.37	-27.00	-0.041	0.516	-0.695	35	false	0	+15:PULL_UP:glide
1	-984.525	64.930	-49.176	176.58	-19.00	0.140	0.643	-1.080	34	false	0	+0:PULL_UP:glide
2	-984.405	65.578	-50.233	-169.10	-27.00	0.012	0.601	-1.331	33	false	0	+15:AIM_PULL:glide
3	-984.374	66.211	-51.527	175.39	-19.00	0.159	0.702	-1.391	32	false	0	+0:PULL_UP:glide
4	-984.242	66.931	-52.888	174.31	-27.00	0.001	0.636	-1.482	31	false	0	+0:AIM_PULL:glide
5	-984.255	67.607	-54.330	-171.36	-19.00	-0.081	0.724	-1.475	30	false	0	+15:LEVEL:glide
6	-984.308	68.351	-55.771	-156.99	-11.00	0.094	0.649	-1.515	29	false	0	+30:LEVEL:glide
7	-984.169	69.002	-57.250	-174.17	-19.00	0.396	0.487	-1.507	28	false	0	+15:AIM:glide
8	-983.803	69.517	-58.729	165.93	-11.00	0.265	0.534	-1.539	27	false	0	+0:LEVEL:glide
9	-983.602	70.056	-60.240	175.16	-3.00	-0.102	0.432	-1.565	26	false	0	+15:LEVEL:glide
10	-983.706	70.470	-61.786	-177.94	0.00	-0.124	0.251	-1.619	25	false	2	+0:LEVEL:glide
11	-983.810	70.697	-63.389	-159.29	0.00	-0.022	0.113	-1.651	24	false	4	+0:LEVEL:glide
12	-983.772	70.788	-65.012	-149.20	0.00	0.320	0.046	-1.607	23	false	5	+0:LEVEL:glide
13	-983.404	70.813	-66.584	-124.20	-8.00	0.619	0.013	-1.516	22	false	6	+30:AIM:glide
14	-982.724	70.834	-68.021	-149.20	-16.00	1.036	0.129	-1.192	21	false	7	-15:AIM:glide
15	-981.729	70.991	-69.204	-127.18	-23.59	0.916	0.313	-1.293	20	false	9	+30:AIM:glide
16	-980.805	71.348	-70.437	-144.18	-15.59	1.082	0.519	-1.087	19	false	11	+15:LEVEL:glide
17	-979.761	71.884	-71.517	-168.10	-7.59	1.001	0.496	-1.204	18	false	12	+0:LEVEL:glide
18	-978.838	72.376	-72.735	-153.81	0.00	0.635	0.358	-1.433	17	false	14	+15:LEVEL:glide
19	-978.204	72.707	-74.151	-158.68	0.00	0.692	0.166	-1.471	16	false	15	+15:LEVEL:glide
20	-977.528	72.850	-75.611	-156.51	0.00	0.647	0.071	-1.522	15	false	17	+15:LEVEL:glide
21	-976.887	72.900	-77.117	-161.53	-5.36	0.660	0.025	-1.533	14	false	18	+15:AIM:glide
22	-976.248	72.924	-78.634	-152.10	0.00	0.638	0.024	-1.517	0	true	20	+30:LEVEL:fire
23	-975.603	72.928	-80.130	-149.07	0.00	0.720	0.002	-1.499	35	false	21	+30:LEVEL:glide
24	-974.876	72.911	-81.608	-155.17	0.00	0.801	-0.009	-1.468	34	false	23	+30:LEVEL:glide
25	-974.092	72.885	-83.069	-153.63	0.00	0.749	-0.013	-1.502	33	false	24	+30:LEVEL:glide
26	-973.350	72.856	-84.559	-160.96	0.00	0.749	-0.014	-1.506	32	false	25	+30:LEVEL:glide
27	-972.627	72.826	-86.061	178.78	0.00	0.639	-0.015	-1.555	31	false	27	+15:LEVEL:glide
28	-972.062	72.795	-87.616	-178.73	0.00	0.265	-0.016	-1.627	30	false	28	+15:LEVEL:glide
29	-971.822	72.764	-89.232	173.83	0.00	0.139	-0.016	-1.658	29	false	30	+0:LEVEL:glide
30	-971.717	72.732	-90.876	-161.17	-8.00	-0.039	-0.016	-1.667	28	false	32	+15:AIM_PULL:glide
31	-971.700	72.729	-92.513	-159.82	-6.89	0.280	0.117	-1.615	27	false	33	+0:AIM:glide
32	-971.397	72.847	-94.098	-151.80	0.00	0.443	0.161	-1.584	26	false	34	+0:LEVEL:glide
33	-970.925	72.986	-95.653	-134.64	0.00	0.637	0.069	-1.527	25	false	36	+15:LEVEL:glide
34	-970.241	73.034	-97.129	-137.97	0.00	0.947	0.024	-1.335	24	false	37	+15:LEVEL:glide
35	-969.288	73.038	-98.438	-140.30	-3.96	1.045	0.002	-1.286	23	false	39	+15:AIM:glide
36	-968.254	73.034	-99.709	-139.57	-4.15	1.059	0.057	-1.288	22	false	40	+15:AIM:glide
37	-967.206	73.085	-100.978	-138.89	0.00	1.074	0.087	-1.280	21	false	41	+15:LEVEL:glide
38	-966.140	73.151	-102.244	-149.81	5.14	1.092	0.033	-1.273	20	false	43	+0:AIM:glide
39	-965.084	73.163	-103.521	-164.06	-2.86	0.954	-0.070	-1.371	19	false	44	-15:AIM_PULL:glide
40	-964.187	73.094	-104.906	-139.06	5.07	0.682	0.008	-1.509	18	false	45	+15:AIM:glide
41	-963.472	73.083	-106.375	-142.22	1.72	0.913	-0.081	-1.374	17	false	46	+0:AIM_PULL:glide
42	-962.553	72.994	-107.736	-154.61	1.43	0.980	-0.070	-1.352	16	false	47	-15:AIM_PULL:glide
43	-961.606	72.915	-109.097	-167.00	1.22	0.838	-0.061	-1.448	15	false	48	-30:AIM_PULL:glide
44	-960.820	72.843	-110.555	-162.40	0.00	0.584	-0.054	-1.557	14	false	49	-30:LEVEL:glide
45	-960.248	72.778	-112.106	-155.56	0.00	0.543	-0.033	-1.586	13	false	50	-30:LEVEL:glide
46	-959.694	72.732	-113.674	-148.55	0.00	0.629	-0.023	-1.558	12	false	51	-30:LEVEL:glide
47	-959.044	72.694	-115.207	-155.93	0.00	0.768	-0.019	-1.492	11	false	53	-30:LEVEL:glide
48	-958.291	72.660	-116.691	-130.93	8.00	0.754	-0.034	-1.484	0	true	54	+0:AIM_PULL:fire
49	-957.491	72.610	-118.125	-124.07	15.30	1.036	-0.143	-1.268	35	false	56	+0:AIM_PULL:glide
50	-956.423	72.462	-119.353	-122.59	7.30	1.213	-0.298	-1.073	34	false	57	+0:LEVEL:glide
51	-955.183	72.180	-120.411	-138.41	0.00	1.330	-0.249	-0.983	33	false	58	-15:LEVEL:glide
52	-953.873	71.942	-121.427	-113.41	8.00	1.219	-0.119	-1.144	32	false	60	+15:AIM:glide
53	-952.623	71.819	-122.517	-127.86	0.00	1.397	-0.180	-0.879	31	false	61	+0:LEVEL:glide
54	-951.235	71.642	-123.412	-130.81	8.00	1.365	-0.088	-0.969	30	false	62	+0:AIM:glide
55	-949.886	71.545	-124.390	-133.14	16.00	1.312	-0.167	-1.039	29	false	63	+0:AIM:glide
56	-948.585	71.375	-125.440	-134.82	8.00	1.247	-0.319	-1.084	28	false	64	+0:AIM_PULL:glide
57	-947.337	71.075	-126.541	-120.71	0.81	1.221	-0.269	-1.144	27	false	66	+15:AIM_PULL:glide
58	-946.085	70.820	-127.659	-145.71	8.81	1.357	-0.139	-0.993	26	false	67	-15:AIM:glide
59	-944.774	70.678	-128.692	-165.59	0.81	1.129	-0.201	-1.211	25	false	69	-15:LEVEL:glide
60	-943.723	70.483	-129.949	-149.86	8.70	0.737	-0.109	-1.451	24	false	70	+0:AIM:glide
61	-942.979	70.367	-131.391	-150.34	0.70	0.794	-0.186	-1.448	23	false	72	+0:LEVEL:glide
62	-942.182	70.185	-132.839	-146.96	-6.21	0.819	-0.101	-1.463	22	false	73	+0:AIM_PULL:glide
63	-941.359	70.100	-134.285	-128.50	-6.72	0.872	0.049	-1.431	21	false	74	+15:AIM_PULL:glide
64	-940.458	70.152	-135.659	-125.73	-6.04	1.111	0.126	-1.213	20	false	75	+15:AIM_PULL:glide
65	-939.340	70.277	-136.831	-150.73	-4.68	1.245	0.152	-1.080	19	false	76	-15:AIM_PULL:glide
66	-938.154	70.423	-137.931	-140.12	3.32	1.008	0.142	-1.289	18	false	78	+0:AIM:glide
67	-937.152	70.542	-139.204	-153.71	-3.59	1.045	0.010	-1.288	17	false	79	-15:AIM_PULL:glide
68	-936.149	70.546	-140.495	-137.11	4.41	0.877	0.055	-1.406	16	false	80	+0:AIM:glide
69	-935.256	70.581	-141.869	-162.11	-2.75	1.023	-0.048	-1.308	15	false	81	-30:AIM_PULL:glide
70	-934.293	70.530	-143.193	-161.94	-2.91	0.743	0.016	-1.470	14	false	82	-30:AIM_PULL:glide
71	-933.582	70.537	-144.656	-136.94	-2.76	0.619	0.046	-1.538	13	false	83	+0:AIM_PULL:glide
72	-932.920	70.573	-146.144	-136.76	0.00	0.910	0.059	-1.365	12	false	84	-15:LEVEL:glide
73	-931.997	70.611	-147.478	-133.79	0.00	1.044	0.019	-1.286	11	false	85	-15:LEVEL:glide
74	-930.949	70.610	-148.738	-131.88	8.00	1.048	-0.001	-1.260	0	true	86	-15:AIM:fire
75	-929.893	70.591	-149.970	-130.13	0.00	1.155	-0.128	-1.178	35	false	87	-15:AIM_PULL:glide
76	-928.729	70.461	-151.133	-118.39	-4.27	1.232	-0.065	-1.129	34	false	89	+0:AIM_PULL:glide
77	-927.483	70.401	-152.220	-103.73	3.73	1.369	0.033	-0.946	33	false	90	+15:AIM:glide
78	-926.104	70.414	-153.102	-128.73	-4.06	1.514	-0.049	-0.642	32	false	91	-15:AIM_PULL:glide
79	-924.627	70.368	-153.777	-110.99	-4.20	1.400	0.037	-0.868	31	false	92	+15:AIM_PULL:glide
80	-923.231	70.399	-154.608	-129.45	3.80	1.489	0.078	-0.719	30	false	93	+0:AIM:glide
81	-921.777	70.456	-155.352	-134.12	9.11	1.382	-0.028	-0.911	29	false	94	+0:AIM:glide
82	-920.426	70.412	-156.281	-136.66	1.11	1.278	-0.156	-1.049	28	false	96	+0:AIM_PULL:glide
83	-919.163	70.256	-157.346	-122.86	-5.79	1.214	-0.094	-1.150	27	false	97	+15:AIM_PULL:glide
84	-917.939	70.176	-158.463	-123.61	-6.25	1.323	0.046	-1.017	26	false	98	+15:AIM_PULL:glide
85	-916.628	70.223	-159.457	-148.61	1.75	1.359	0.116	-0.965	25	false	99	-15:AIM:glide
86	-915.331	70.317	-160.458	-123.61	0.00	1.091	0.021	-1.226	24	false	100	+30:LEVEL:glide
87	-914.224	70.318	-161.640	-127.54	7.61	1.262	0.001	-1.061	23	false	101	+15:AIM:glide
88	-912.969	70.300	-162.686	-141.99	0.00	1.296	-0.122	-1.037	22	false	103	+15:LEVEL:glide
89	-911.706	70.175	-163.749	-144.02	-5.75	1.155	-0.063	-1.201	21	false	104	+15:AIM_PULL:glide
90	-910.579	70.122	-164.954	-162.38	-6.82	1.060	0.059	-1.287	20	false	106	+0:AIM_PULL:glide
91	-909.586	70.184	-166.251	-137.38	1.18	0.752	0.132	-1.453	19	false	107	+30:AIM:glide
92	-908.807	70.294	-167.665	-128.43	7.21	0.965	0.037	-1.332	18	false	108	+30:AIM:glide
93	-907.819	70.310	-168.953	-142.31	0.00	1.154	-0.099	-1.168	17	false	109	+15:LEVEL:glide
94	-906.685	70.206	-170.131	-138.43	0.00	1.087	-0.052	-1.262	16	false	111	+15:LEVEL:glide
95	-905.603	70.142	-171.383	-153.10	5.35	1.105	-0.032	-1.262	15	false	112	+0:AIM:glide
96	-904.541	70.096	-172.660	-152.50	-2.65	0.914	-0.102	-1.393	14	false	113	+0:AIM_PULL:glide
97	-903.647	69.997	-174.055	-134.98	-7.48	0.839	-0.010	-1.450	13	false	114	+15:AIM_PULL:glide
98	-902.785	69.997	-175.461	-159.98	0.00	1.027	0.111	-1.299	12	false	115	-15:LEVEL:glide
99	-901.814	70.086	-176.772	-158.02	4.67	0.777	0.044	-1.454	11	false	117	-15:AIM:glide
100	-901.061	70.110	-178.219	-133.02	4.99	0.694	-0.057	-1.509	10	false	118	+15:AIM:glide
101	-900.317	70.041	-179.680	-150.01	-3.01	0.991	-0.108	-1.308	9	false	119	-15:AIM_PULL:glide
102	-899.349	69.938	-180.994	-132.90	3.79	0.908	-0.007	-1.392	8	false	120	+0:AIM:glide
103	-898.418	69.915	-182.348	-130.18	0.00	1.087	-0.068	-1.254	7	false	121	+0:LEVEL:glide
104	-897.317	69.837	-183.577	-144.16	3.10	1.200	-0.039	-1.163	6	false	122	-15:AIM:glide
105	-896.149	69.785	-184.751	-145.06	0.00	1.169	-0.052	-1.174	0	true	124	-15:LEVEL:fire
106	-895.009	69.721	-185.937	-144.63	-8.00	1.056	-0.032	-1.290	35	false	125	-15:AIM_PULL:glide
107	-893.975	69.704	-187.217	-158.03	-10.32	1.005	0.109	-1.327	34	false	126	-30:AIM_PULL:glide
108	-893.022	69.827	-188.543	-140.63	-2.32	0.789	0.214	-1.438	33	false	127	-15:AIM:glide
109	-892.217	70.025	-189.948	-136.85	-7.54	0.941	0.133	-1.359	32	false	128	-15:AIM_PULL:glide
110	-891.272	70.162	-191.272	-134.21	-6.28	1.049	0.180	-1.277	31	false	129	-15:AIM_PULL:glide
111	-890.225	70.341	-192.520	-132.50	1.72	1.129	0.182	-1.213	30	false	130	-15:AIM:glide
112	-889.098	70.500	-193.711	-146.48	9.09	1.190	0.054	-1.170	29	false	131	-30:AIM:glide
113	-887.946	70.532	-194.891	-145.59	9.70	1.039	-0.118	-1.290	28	false	132	-30:AIM:glide
114	-886.921	70.409	-196.186	-120.59	1.70	0.986	-0.205	-1.338	27	false	134	+0:LEVEL:glide
115	-885.943	70.209	-197.533	-129.72	-0.83	0.945	-0.206	-1.384	26	false	135	-15:AIM_PULL:glide
116	-884.958	70.010	-198.885	-127.05	-7.82	1.146	-0.100	-1.219	25	false	136	-15:AIM_PULL:glide
117	-883.833	69.932	-200.104	-125.73	-8.35	1.080	0.076	-1.273	24	false	137	-15:AIM_PULL:glide
118	-882.766	69.987	-201.366	-123.81	-7.79	1.072	0.025	-1.289	23	false	138	-15:AIM_PULL:glide
119	-881.702	69.991	-202.640	-121.70	0.00	1.090	-0.060	-1.275	22	false	139	-15:LEVEL:glide
120	-880.583	69.921	-203.866	-120.03	0.00	1.283	-0.035	-1.060	21	false	140	-15:LEVEL:glide
121	-879.300	69.900	-204.892	-120.50	0.00	1.370	0.108	-0.934	20	false	141	-15:LEVEL:glide
122	-877.938	69.986	-205.807	-116.35	-7.42	1.413	0.043	-0.889	19	false	143	+0:AIM_PULL:glide
123	-876.537	70.035	-206.669	-140.11	0.00	1.456	0.134	-0.805	18	false	146	+0:LEVEL:glide
124	-875.135	70.146	-207.513	-156.25	-6.36	1.246	0.056	-1.074	17	false	148	+0:AIM_PULL:glide
125	-873.961	70.204	-208.613	-151.06	-5.38	0.927	0.123	-1.323	16	false	149	+15:AIM_PULL:glide
126	-873.060	70.323	-209.927	-151.65	-5.06	0.860	0.139	-1.398	15	false	151	+15:AIM_PULL:glide
127	-872.219	70.457	-211.311	-149.47	-3.52	0.823	0.142	-1.437	14	false	152	+15:AIM_PULL:glide
128	-871.405	70.590	-212.729	-149.29	-3.19	0.838	0.118	-1.440	13	false	154	+15:AIM_PULL:glide
129	-870.576	70.697	-214.151	-155.38	-1.47	0.848	0.101	-1.441	12	false	155	+15:AIM_PULL:glide
130	-869.752	70.782	-215.584	-162.57	0.22	0.766	0.064	-1.489	11	false	156	+15:AIM_PULL:glide
131	-869.019	70.826	-217.069	-169.27	-0.38	0.621	0.018	-1.553	10	false	158	+15:AIM_PULL:glide
132	-868.435	70.826	-218.615	-175.25	0.50	0.450	0.006	-1.608	9	false	159	+15:AIM_PULL:glide
133	-868.021	70.813	-220.214	-178.24	-0.51	0.278	-0.014	-1.647	8	false	161	+15:AIM_PULL:glide
134	-867.768	70.785	-221.849	177.96	0.27	0.152	-0.006	-1.667	7	false	162	+15:AIM_PULL:glide
135	-867.638	70.762	-223.502	177.75	-0.64	0.035	-0.016	-1.676	6	false	164	+15:AIM_PULL:glide
136	-867.614	70.733	-225.164	166.59	-0.51	-0.021	-0.005	-1.680	5	false	165	+15:AIM_PULL:glide
137	-867.672	70.713	-226.824	0.00	0.00	-0.058	-0.020	-1.660	0	false	167	no_viable_trajectory eval=40 ok=1 sim=10ms reject[c=39,f=0,s=0,ta=1] first=collision@t9(-866.8,70.6,-241.6)block=minecraft:orange_terracotta shape= entry=167/203 target=-870.5,69.5,-232.5 at=-867.7,70.7,-226.8 pitch=-0.5
DIAG +0 AIM fire=0 screen collision@9 xyz=-867.9448075153202,69.98167907273677,-241.55 block=minecraft:orange_terracotta 
DIAG +0 AIM fire=1 terminal terminal_action@0 xyz=-841.5924022825839,66.29710892016381,-266.55 block=minecraft:stone arrived=true arrival=-842.3639080539975,66.63358568125462,-265.50407363114243 speed=1.6448292054310796
DIAG +0 AIM_PULL fire=0 screen collision@9 xyz=-868.027867332923,70.64028877087858,-241.55 block=minecraft:orange_terracotta 
DIAG +0 AIM_PULL fire=1 screen collision@19 xyz=-853.4302596358635,71.41551544349869,-252.55 block=minecraft:terracotta 
DIAG +0 LEVEL fire=0 screen collision@9 xyz=-867.9302071938421,69.94574446492608,-241.55 block=minecraft:orange_terracotta 
DIAG +0 LEVEL fire=1 screen collision@20 xyz=-852.45,70.0506913688011,-253.85214319576082 block=minecraft:light_gray_terracotta 
DIAG +0 PULL_UP fire=0 screen collision@12 xyz=-867.1851141132739,71.75880850930639,-243.55 block=minecraft:orange_terracotta 
DIAG +0 PULL_UP fire=1 screen collision@11 xyz=-863.9838859812166,74.16765837249862,-242.55 block=minecraft:terracotta 
DIAG -15 AIM fire=0 screen collision@9 xyz=-869.293634037667,70.02861737434243,-240.55 block=minecraft:orange_terracotta 
DIAG -15 AIM fire=1 screen collision@9 xyz=-868.6778585561477,70.09603874964851,-240.55 block=minecraft:orange_terracotta 
DIAG -15 AIM_PULL fire=0 screen collision@10 xyz=-869.2135510165591,70.64338345247847,-241.55 block=minecraft:orange_terracotta 
DIAG -15 AIM_PULL fire=1 screen collision@20 xyz=-855.859477176232,71.41412295804514,-253.55 block=minecraft:terracotta 
DIAG -15 LEVEL fire=0 screen collision@9 xyz=-869.2846560105903,70.00929762316296,-240.55 block=minecraft:orange_terracotta 
DIAG -15 LEVEL fire=1 screen collision@10 xyz=-867.8173084402074,70.38668935519446,-241.55 block=minecraft:orange_terracotta 
DIAG -15 PULL_UP fire=0 screen collision@11 xyz=-868.884958461433,71.60185606377128,-242.55 block=minecraft:red_sand 
DIAG -15 PULL_UP fire=1 screen collision@12 xyz=-865.3106299811337,74.53735738314673,-243.55 block=minecraft:terracotta 
DIAG +15 AIM fire=0 screen collision@9 xyz=-866.6547477468737,69.98429421649895,-241.55 block=minecraft:orange_terracotta 
DIAG +15 AIM fire=1 screen collision@3 xyz=-868.2152204563556,70.15,-233.10185601927495 block=minecraft:dead_bush 
DIAG +15 AIM_PULL fire=0 screen collision@9 xyz=-866.7669859708737,70.64341306470504,-241.55 block=minecraft:orange_terracotta 
DIAG +15 AIM_PULL fire=1 screen collision@18 xyz=-853.45,71.64100498396817,-250.100777421219 block=minecraft:terracotta 
DIAG +15 LEVEL fire=0 screen collision@9 xyz=-866.6374294460576,69.94225966186981,-241.55 block=minecraft:orange_terracotta 
DIAG +15 LEVEL fire=1 screen collision@16 xyz=-854.45,70.16918602609205,-247.89622950028175 block=minecraft:white_terracotta 
DIAG +15 PULL_UP fire=0 screen collision@12 xyz=-865.6476024403086,71.79961424215095,-243.55 block=minecraft:orange_terracotta 
DIAG +15 PULL_UP fire=1 screen collision@11 xyz=-861.780094088571,74.23127168115042,-242.55 block=minecraft:orange_terracotta 
DIAG -30 AIM fire=0 screen collision@9 xyz=-870.2623157233909,70.00430033265071,-240.55 block=minecraft:orange_terracotta 
DIAG -30 AIM fire=1 screen collision@9 xyz=-870.6989702668069,70.02619288915197,-240.55 block=minecraft:red_sand 
DIAG -30 AIM_PULL fire=0 screen collision@10 xyz=-870.2658526963498,70.64711172011452,-241.55 block=minecraft:orange_terracotta 
DIAG -30 AIM_PULL fire=1 screen collision@11 xyz=-869.0083325966273,71.783231494175,-242.55 block=minecraft:red_sand 
DIAG -30 LEVEL fire=0 screen collision@9 xyz=-870.2523731974474,69.9773967065553,-240.55 block=minecraft:orange_terracotta 
DIAG -30 LEVEL fire=1 screen collision@10 xyz=-869.9296366927314,70.38006066141111,-241.55 block=minecraft:orange_terracotta 
DIAG -30 PULL_UP fire=0 screen collision@11 xyz=-870.0260554629724,71.60578411764814,-242.55 block=minecraft:red_sand 
DIAG -30 PULL_UP fire=1 screen collision@12 xyz=-867.0492966960182,74.70496159772543,-243.55 block=minecraft:orange_terracotta 
DIAG +30 AIM fire=0 screen collision@5 xyz=-867.45,70.37532876748496,-235.28422130117528 block=minecraft:red_sand 
DIAG +30 AIM fire=1 screen collision@3 xyz=-867.3159044239154,70.15,-233.1254160899137 block=minecraft:dead_bush 
DIAG +30 AIM_PULL fire=0 screen collision@5 xyz=-867.45,70.5176139578142,-235.341783913459 block=minecraft:red_sand 
DIAG +30 AIM_PULL fire=1 screen collision@4 xyz=-867.2406243972606,70.70428872950222,-233.55 block=minecraft:red_sand 
DIAG +30 LEVEL fire=0 screen collision@5 xyz=-867.45,70.39326199471232,-235.2855125632759 block=minecraft:red_sand 
DIAG +30 LEVEL fire=1 screen collision@4 xyz=-867.2419797235706,70.57726616085554,-233.55 block=minecraft:red_sand 
DIAG +30 PULL_UP fire=0 screen collision@5 xyz=-867.45,70.93564421482043,-235.42669567497478 block=minecraft:red_sand 
DIAG +30 PULL_UP fire=1 screen collision@5 xyz=-866.45,72.08580402484144,-236.03155142585388 block=minecraft:orange_terracotta 
