tick	x	y	z	yaw	pitch	vx	vy	vz	boost	fire	cursor	note
0	-984.500	64.417	-48.500	-168.37	-27.00	-0.041	0.516	-0.695	35	false	0	+15:PULL_UP:glide
1	-984.525	64.930	-49.176	176.58	-19.00	0.140	0.643	-1.080	34	false	0	+0:PULL_UP:glide
2	-984.405	65.578	-50.233	-169.10	-27.00	0.012	0.601	-1.331	33	false	0	+15:AIM_PULL:glide
3	-984.374	66.211	-51.527	175.39	-19.00	0.159	0.702	-1.391	32	false	0	+0:PULL_UP:glide
4	-984.242	66.931	-52.888	174.31	-27.00	0.001	0.636	-1.482	31	false	0	+0:AIM_PULL:glide
5	-984.255	67.607	-54.330	-171.36	-19.00	-0.081	0.724	-1.475	30	false	0	+15:LEVEL:glide
6	-984.308	68.351	-55.771	-156.99	-11.00	0.094	0.649	-1.515	29	false	0	+30:LEVEL:glide
7	-984.169	69.002	-57.250	-174.17	-19.00	0.396	0.487	-1.507	28	false	0	+15:AIM:glide
8	-983.803	69.517	-58.729	165.93	-11.00	0.265	0.534	-1.539	27	false	0	+0:LEVEL:glide
9	-983.602	70.056	-60.240	175.16	-3.00	-0.102	0.432	-1.565	26	false	0	+15:LEVEL:glide
10	-983.706	70.470	-61.786	-177.94	0.00	-0.124	0.251	-1.619	25	false	2	+0:LEVEL:glide
11	-983.810	70.697	-63.389	-159.29	0.00	-0.022	0.113	-1.651	24	false	4	+0:LEVEL:glide
12	-983.772	70.788	-65.012	-149.20	0.00	0.320	0.046	-1.607	23	false	5	+0:LEVEL:glide
13	-983.404	70.813	-66.584	-124.20	-8.00	0.619	0.013	-1.516	22	false	6	+30:AIM:glide
14	-982.724	70.834	-68.021	-149.20	-16.00	1.036	0.129	-1.192	21	false	7	-15:AIM:glide
15	-981.729	70.991	-69.204	-127.18	-23.59	0.916	0.313	-1.293	20	false	9	+30:AIM:glide
16	-980.805	71.348	-70.437	-144.18	-15.59	1.082	0.519	-1.087	19	false	11	+15:LEVEL:glide
17	-979.761	71.884	-71.517	-168.10	-7.59	1.001	0.496	-1.204	18	false	12	+0:LEVEL:glide
18	-978.838	72.376	-72.735	-153.81	0.00	0.635	0.358	-1.433	17	false	14	+15:LEVEL:glide
19	-978.204	72.707	-74.151	-158.68	0.00	0.692	0.166	-1.471	16	false	15	+15:LEVEL:glide
20	-977.528	72.850	-75.611	-156.51	0.00	0.647	0.071	-1.522	15	false	17	+15:LEVEL:glide
21	-976.887	72.900	-77.117	-161.53	-5.36	0.660	0.025	-1.533	14	false	18	+15:AIM:glide
22	-976.248	72.924	-78.634	-152.10	0.00	0.638	0.024	-1.517	0	true	20	+30:LEVEL:fire
23	-975.603	72.928	-80.130	-149.07	0.00	0.720	0.002	-1.499	35	false	21	+30:LEVEL:glide
24	-974.876	72.911	-81.608	-155.17	0.00	0.801	-0.009	-1.468	34	false	23	+30:LEVEL:glide
25	-974.092	72.885	-83.069	-153.63	0.00	0.749	-0.013	-1.502	33	false	24	+30:LEVEL:glide
26	-973.350	72.856	-84.559	-160.96	0.00	0.749	-0.014	-1.506	32	false	25	+30:LEVEL:glide
27	-972.627	72.826	-86.061	178.78	0.00	0.639	-0.015	-1.555	31	false	27	+15:LEVEL:glide
28	-972.062	72.795	-87.616	-178.73	0.00	0.265	-0.016	-1.627	30	false	28	+15:LEVEL:glide
29	-971.822	72.764	-89.232	173.83	0.00	0.139	-0.016	-1.658	29	false	30	+0:LEVEL:glide
30	-971.717	72.732	-90.876	-161.17	-8.00	-0.039	-0.016	-1.667	28	false	32	+15:AIM_PULL:glide
31	-971.700	72.729	-92.513	-159.82	-6.89	0.280	0.117	-1.615	27	false	33	+0:AIM:glide
32	-971.397	72.847	-94.098	-151.80	0.00	0.443	0.161	-1.584	26	false	34	+0:LEVEL:glide
33	-970.925	72.986	-95.653	-134.64	0.00	0.637	0.069	-1.527	25	false	36	+15:LEVEL:glide
34	-970.241	73.034	-97.129	-137.97	0.00	0.947	0.024	-1.335	24	false	37	+15:LEVEL:glide
35	-969.288	73.038	-98.438	-140.30	-3.96	1.045	0.002	-1.286	23	false	39	+15:AIM:glide
36	-968.254	73.034	-99.709	-139.57	-4.15	1.059	0.057	-1.288	22	false	40	+15:AIM:glide
37	-967.206	73.085	-100.978	-138.89	0.00	1.074	0.087	-1.280	21	false	41	+15:LEVEL:glide
38	-966.140	73.151	-102.244	-149.81	5.14	1.092	0.033	-1.273	20	false	43	+0:AIM:glide
39	-965.084	73.163	-103.521	-164.06	-2.86	0.954	-0.070	-1.371	19	false	44	-15:AIM_PULL:glide
40	-964.187	73.094	-104.906	-139.06	5.07	0.682	0.008	-1.509	18	false	45	+15:AIM:glide
41	-963.472	73.083	-106.375	-142.22	1.72	0.913	-0.081	-1.374	17	false	46	+0:AIM_PULL:glide
42	-962.553	72.994	-107.736	-154.61	1.43	0.980	-0.070	-1.352	16	false	47	-15:AIM_PULL:glide
43	-961.606	72.915	-109.097	-167.00	1.22	0.838	-0.061	-1.448	15	false	48	-30:AIM_PULL:glide
44	-960.820	72.843	-110.555	-162.40	0.00	0.584	-0.054	-1.557	14	false	49	-30:LEVEL:glide
45	-960.248	72.778	-112.106	-155.56	0.00	0.543	-0.033	-1.586	13	false	50	-30:LEVEL:glide
46	-959.694	72.732	-113.674	-148.55	0.00	0.629	-0.023	-1.558	12	false	51	-30:LEVEL:glide
47	-959.044	72.694	-115.207	-155.93	0.00	0.768	-0.019	-1.492	11	false	53	-30:LEVEL:glide
48	-958.291	72.660	-116.691	-130.93	8.00	0.754	-0.034	-1.484	0	true	54	+0:AIM_PULL:fire
49	-957.491	72.610	-118.125	-124.07	15.30	1.036	-0.143	-1.268	35	false	56	+0:AIM_PULL:glide
50	-956.423	72.462	-119.353	-122.59	7.30	1.213	-0.298	-1.073	34	false	57	+0:LEVEL:glide
51	-955.183	72.180	-120.411	-138.41	0.00	1.330	-0.249	-0.983	33	false	58	-15:LEVEL:glide
52	-953.873	71.942	-121.427	-113.41	8.00	1.219	-0.119	-1.144	32	false	60	+15:AIM:glide
53	-952.623	71.819	-122.517	-127.86	0.00	1.397	-0.180	-0.879	31	false	61	+0:LEVEL:glide
54	-951.235	71.642	-123.412	-130.81	8.00	1.365	-0.088	-0.969	30	false	62	+0:AIM:glide
55	-949.886	71.545	-124.390	-133.14	16.00	1.312	-0.167	-1.039	29	false	63	+0:AIM:glide
56	-948.585	71.375	-125.440	-134.82	8.00	1.247	-0.319	-1.084	28	false	64	+0:AIM_PULL:glide
57	-947.337	71.075	-126.541	-120.71	0.81	1.221	-0.269	-1.144	27	false	66	+15:AIM_PULL:glide
58	-946.085	70.820	-127.659	-145.71	8.81	1.357	-0.139	-0.993	26	false	67	-15:AIM:glide
59	-944.774	70.678	-128.692	-165.59	0.81	1.129	-0.201	-1.211	25	false	69	-15:LEVEL:glide
60	-943.723	70.483	-129.949	-149.86	8.70	0.737	-0.109	-1.451	24	false	70	+0:AIM:glide
61	-942.979	70.367	-131.391	-150.34	0.70	0.794	-0.186	-1.448	23	false	72	+0:LEVEL:glide
62	-942.182	70.185	-132.839	-146.96	-6.21	0.819	-0.101	-1.463	22	false	73	+0:AIM_PULL:glide
63	-941.359	70.100	-134.285	-128.50	-6.72	0.872	0.049	-1.431	21	false	74	+15:AIM_PULL:glide
64	-940.458	70.152	-135.659	-125.73	-6.04	1.111	0.126	-1.213	20	false	75	+15:AIM_PULL:glide
65	-939.340	70.277	-136.831	-150.73	-4.68	1.245	0.152	-1.080	19	false	76	-15:AIM_PULL:glide
66	-938.154	70.423	-137.931	-140.12	3.32	1.008	0.142	-1.289	18	false	78	+0:AIM:glide
67	-937.152	70.542	-139.204	-153.71	-3.59	1.045	0.010	-1.288	17	false	79	-15:AIM_PULL:glide
68	-936.149	70.546	-140.495	-137.11	4.41	0.877	0.055	-1.406	16	false	80	+0:AIM:glide
69	-935.256	70.581	-141.869	-162.11	-2.75	1.023	-0.048	-1.308	15	false	81	-30:AIM_PULL:glide
70	-934.293	70.530	-143.193	-161.94	-2.91	0.743	0.016	-1.470	14	false	82	-30:AIM_PULL:glide
71	-933.582	70.537	-144.656	-136.94	-2.76	0.619	0.046	-1.538	13	false	83	+0:AIM_PULL:glide
72	-932.920	70.573	-146.144	-136.76	0.00	0.910	0.059	-1.365	12	false	84	-15:LEVEL:glide
73	-931.997	70.611	-147.478	-133.79	0.00	1.044	0.019	-1.286	11	false	85	-15:LEVEL:glide
74	-930.949	70.610	-148.738	-131.88	0.00	1.138	-0.000	-1.218	10	false	86	-15:LEVEL:glide
75	-929.811	70.592	-149.935	-134.46	0.00	1.202	-0.009	-1.166	9	false	88	-15:LEVEL:glide
76	-928.620	70.567	-151.091	-134.12	8.00	1.202	-0.013	-1.174	8	false	89	-15:AIM:glide
77	-927.428	70.537	-152.255	-118.70	0.00	1.201	-0.133	-1.168	7	false	90	+0:LEVEL:glide
78	-926.200	70.402	-153.381	-118.68	7.90	1.359	-0.068	-0.971	6	false	91	+0:AIM:glide
79	-924.837	70.323	-154.330	-120.71	7.55	1.420	-0.156	-0.878	5	false	92	+0:AIM:glide
80	-923.417	70.167	-155.205	-125.98	5.21	1.421	-0.156	-0.875	0	true	94	+0:AIM:fire
81	-922.004	70.011	-156.091	-128.70	-2.79	1.391	-0.155	-0.940	35	false	95	+0:AIM_PULL:glide
82	-920.625	69.866	-157.040	-146.03	-8.92	1.352	-0.031	-1.006	34	false	96	-15:AIM_PULL:glide
83	-919.330	69.852	-158.071	-147.52	-8.92	1.117	0.125	-1.212	33	false	97	-15:AIM_PULL:glide
84	-918.252	69.986	-159.280	-131.61	-0.92	0.990	0.199	-1.313	32	false	98	+0:AIM:glide
85	-917.249	70.164	-160.557	-129.70	6.14	1.137	0.103	-1.203	31	false	99	+0:AIM:glide
86	-916.110	70.245	-161.734	-130.35	-1.86	1.220	-0.051	-1.128	30	false	101	+0:AIM_PULL:glide
87	-914.894	70.189	-162.848	-136.63	-5.86	1.255	-0.000	-1.107	29	false	102	+0:AIM_PULL:glide
88	-913.665	70.192	-163.952	-158.10	2.14	1.195	0.088	-1.167	28	false	104	-15:AIM:glide
89	-912.538	70.259	-165.145	-165.43	0.00	0.880	0.002	-1.385	27	false	105	-15:LEVEL:glide
90	-911.713	70.241	-166.538	-159.76	-6.20	0.627	-0.009	-1.519	26	false	107	-15:AIM_PULL:glide
91	-911.099	70.237	-168.040	-139.89	1.80	0.599	0.090	-1.544	25	false	108	+0:AIM:glide
92	-910.460	70.306	-169.541	-134.99	6.56	0.867	0.008	-1.400	24	false	109	+0:AIM:glide
93	-909.571	70.294	-170.905	-132.18	6.62	1.042	-0.103	-1.279	23	false	110	+0:AIM:glide
94	-908.514	70.185	-172.162	-130.87	-1.38	1.154	-0.153	-1.195	22	false	111	+0:AIM_PULL:glide
95	-907.350	70.038	-173.343	-115.60	0.00	1.224	-0.053	-1.147	21	false	112	+15:LEVEL:glide
96	-906.104	69.973	-174.440	-140.60	-7.59	1.390	-0.032	-0.915	20	false	113	-15:AIM_PULL:glide
97	-904.763	69.954	-175.380	-134.21	0.00	1.205	0.102	-1.121	19	false	115	+0:LEVEL:glide
98	-903.572	70.034	-176.493	-134.63	0.00	1.205	0.040	-1.149	18	false	116	+0:LEVEL:glide
99	-902.381	70.054	-177.632	-134.92	0.00	1.200	0.010	-1.167	17	false	117	+0:LEVEL:glide
100	-901.194	70.046	-178.790	-135.10	-7.31	1.196	-0.004	-1.179	16	false	118	+0:AIM_PULL:glide
101	-900.015	70.050	-179.954	-120.20	0.00	1.185	0.110	-1.179	15	false	119	+15:LEVEL:glide
102	-898.817	70.138	-181.088	-145.20	-6.09	1.334	0.044	-0.994	14	false	120	-15:AIM_PULL:glide
103	-897.538	70.184	-182.104	-152.43	-5.47	1.122	0.113	-1.202	13	false	121	-15:AIM_PULL:glide
104	-896.465	70.294	-183.314	-151.24	2.53	0.928	0.136	-1.355	12	false	123	-15:AIM:glide
105	-895.561	70.407	-184.664	-148.70	0.00	0.861	0.019	-1.419	11	false	124	-15:LEVEL:glide
106	-894.708	70.407	-186.070	-160.39	0.00	0.868	-0.000	-1.429	10	false	125	-30:LEVEL:glide
107	-893.878	70.389	-187.500	-135.39	7.56	0.830	-0.018	-1.431	0	true	126	+0:AIM:fire
108	-893.022	70.355	-188.894	-138.15	0.00	1.020	-0.129	-1.297	35	false	127	-15:LEVEL:glide
109	-891.995	70.224	-190.181	-151.13	-5.57	1.081	-0.066	-1.277	34	false	128	-30:AIM_PULL:glide
110	-890.952	70.168	-191.465	-149.11	0.00	0.930	0.055	-1.383	33	false	129	-30:LEVEL:glide
111	-890.038	70.202	-192.838	-130.67	-5.49	0.893	0.017	-1.416	32	false	130	-15:AIM_PULL:glide
112	-889.121	70.219	-194.205	-142.21	-5.25	1.101	0.090	-1.235	31	false	131	-30:AIM_PULL:glide
113	-888.043	70.305	-195.430	-145.14	-5.64	1.057	0.121	-1.281	30	false	133	-30:AIM_PULL:glide
114	-887.010	70.424	-196.702	-143.26	-4.57	1.000	0.143	-1.330	29	false	134	-30:AIM_PULL:glide
115	-886.023	70.561	-198.015	-140.85	0.00	1.000	0.136	-1.336	28	false	135	-30:LEVEL:glide
116	-885.028	70.675	-199.333	-123.36	8.00	1.034	0.057	-1.318	27	false	136	-15:AIM:glide
117	-883.968	70.710	-200.599	-136.38	10.17	1.233	-0.101	-1.096	26	false	137	-30:AIM:glide
118	-882.749	70.601	-201.701	-136.06	2.17	1.187	-0.204	-1.157	25	false	138	-30:LEVEL:glide
119	-881.564	70.403	-202.864	-135.09	0.00	1.182	-0.131	-1.193	24	false	139	-30:LEVEL:glide
120	-880.384	70.270	-204.055	-133.80	-4.76	1.190	-0.067	-1.197	23	false	140	-30:AIM_PULL:glide
121	-879.201	70.211	-205.239	-108.80	-6.26	1.203	0.041	-1.178	22	false	142	+0:AIM_PULL:glide
122	-877.978	70.253	-206.341	-133.80	0.00	1.412	0.114	-0.823	21	false	144	-15:LEVEL:glide
123	-876.603	70.346	-207.186	-151.44	-3.92	1.301	0.046	-1.011	20	false	146	-15:AIM_PULL:glide
124	-875.366	70.371	-208.230	-136.46	-3.74	1.025	0.013	-1.269	19	false	148	+15:AIM_PULL:glide
125	-874.344	70.378	-209.475	-139.73	-4.49	1.095	0.059	-1.237	18	false	150	+15:AIM_PULL:glide
126	-873.265	70.432	-210.699	-148.08	-3.27	1.087	0.094	-1.258	17	false	151	+15:AIM_PULL:glide
127	-872.211	70.515	-211.957	-150.34	-3.46	0.976	0.090	-1.349	16	false	153	+15:AIM_PULL:glide
128	-871.262	70.597	-213.299	-149.14	-2.35	0.894	0.092	-1.408	15	false	154	+15:AIM_PULL:glide
129	-870.382	70.676	-214.694	-157.62	-2.28	0.876	0.074	-1.426	14	false	156	+15:AIM_PULL:glide
130	-869.539	70.737	-216.116	-164.65	-1.04	0.745	0.064	-1.496	13	false	157	+15:AIM_PULL:glide
131	-868.832	70.784	-217.607	-171.47	0.22	0.579	0.039	-1.565	12	false	158	+15:AIM_PULL:glide
132	-868.292	70.803	-219.166	-175.80	-0.58	0.396	0.006	-1.620	11	false	160	+15:AIM_PULL:glide
133	-867.927	70.793	-220.774	159.20	-8.58	0.365	-0.010	-1.608	0	false	161	-30:PULL_UP:glide
134	-867.657	70.796	-222.354	134.20	-12.00	0.269	0.003	-1.580	0	false	163	-30:PULL_UP:glide
135	-867.524	70.820	-223.865	159.20	-4.00	0.134	0.024	-1.511	0	true	164	+15:LEVEL:fire
136	-867.457	70.838	-225.349	149.43	0.60	-0.268	0.068	-1.534	35	false	165	+0:AIM_PULL:glide
137	-867.774	70.885	-226.849	154.25	0.00	-0.591	0.015	-1.482	34	false	167	+0:LEVEL:glide
138	-868.369	70.880	-228.312	161.00	8.00	-0.667	-0.002	-1.497	33	false	169	+0:AIM:glide
139	-869.017	70.861	-229.801	175.87	11.46	-0.598	-0.128	-1.540	32	false	171	+0:AIM:glide
140	-869.562	70.728	-231.349	-179.42	3.46	-0.333	-0.235	-1.605	31	false	172	+0:LEVEL:glide
141	-869.857	70.503	-232.964	-160.17	0.00	-0.139	-0.164	-1.656	30	false	174	+0:LEVEL:glide
142	-869.919	70.341	-234.610	-143.12	0.00	0.257	-0.081	-1.622	29	false	176	+0:LEVEL:glide
143	-869.587	70.251	-236.193	-136.22	0.00	0.676	-0.045	-1.471	28	false	177	+0:LEVEL:glide
144	-868.869	70.195	-237.623	0.00	0.00	0.947	-0.028	-1.329	27	false	178	no_viable_trajectory eval=20 ok=2 sim=12ms reject[c=18,f=0,s=0,ta=2] first=collision@t9(-857.4,73.1,-248.5)block=minecraft:terracotta shape= entry=178/203 target=-863.5,70.5,-242.5 at=-868.9,70.2,-237.6 pitch=0.0
DIAG +0 AIM fire=0 terminal terminal_action@3 xyz=-841.3919882232279,66.9599246257904,-264.55 block=minecraft:stone arrived=true arrival=-845.600205667177,67.83267282184894,-261.3157754981022 speed=1.6606766382392235
DIAG +0 AIM_PULL fire=0 screen collision@13 xyz=-853.45,71.43828781120918,-252.56320247362845 block=minecraft:terracotta 
DIAG +0 LEVEL fire=0 terminal terminal_action@6 xyz=-839.45,69.79975018282276,-265.87945767659556 block=minecraft:stone arrived=true arrival=-845.5781524663605,69.54335775893401,-261.3471776194082 speed=1.6834590270267045
DIAG +0 PULL_UP fire=0 screen collision@9 xyz=-857.4488540619272,73.05,-248.52658674315506 block=minecraft:terracotta 
DIAG -15 AIM fire=0 screen collision@2 xyz=-867.0199087099041,70.20322771794386,-241.55 block=minecraft:orange_terracotta 
DIAG -15 AIM_PULL fire=0 screen collision@2 xyz=-867.0354973486496,70.61820234251284,-241.55 block=minecraft:orange_terracotta 
DIAG -15 LEVEL fire=0 screen collision@2 xyz=-866.1500227214626,70.08457248446821,-241.55 block=minecraft:orange_terracotta 
DIAG -15 PULL_UP fire=0 screen collision@2 xyz=-867.0340160549107,70.5654919012568,-241.55 block=minecraft:orange_terracotta 
DIAG +15 AIM fire=0 screen collision@9 xyz=-856.45,70.40531204257215,-246.3518412412827 block=minecraft:white_terracotta 
DIAG +15 AIM_PULL fire=0 screen collision@9 xyz=-856.45,71.94965017642578,-246.18507955744258 block=minecraft:white_terracotta 
DIAG +15 LEVEL fire=0 screen collision@9 xyz=-856.45,69.85892684111501,-246.41545022725222 block=minecraft:terracotta 
DIAG +15 PULL_UP fire=0 screen collision@8 xyz=-857.45,72.72207549372122,-245.03925898326605 block=minecraft:red_terracotta 
DIAG -30 AIM fire=0 screen collision@2 xyz=-866.7955858906515,70.194105788071,-241.55 block=minecraft:orange_terracotta 
DIAG -30 AIM_PULL fire=0 screen collision@2 xyz=-866.79326421368,70.55270864770017,-241.55 block=minecraft:orange_terracotta 
DIAG -30 LEVEL fire=0 screen collision@2 xyz=-866.7960243996499,70.09048744015614,-241.55 block=minecraft:orange_terracotta 
DIAG -30 PULL_UP fire=0 screen collision@2 xyz=-866.7936842232483,70.5079825610598,-241.55 block=minecraft:orange_terracotta 
DIAG +30 AIM fire=0 screen collision@6 xyz=-859.45,70.35152086004757,-242.4477786144386 block=minecraft:light_gray_terracotta 
DIAG +30 AIM_PULL fire=0 screen collision@6 xyz=-859.45,71.8103560610714,-241.8267484063643 block=minecraft:light_gray_terracotta 
DIAG +30 LEVEL fire=0 screen collision@5 xyz=-860.45,69.98529412912863,-241.29201735604892 block=minecraft:orange_terracotta 
DIAG +30 PULL_UP fire=0 screen collision@6 xyz=-859.45,71.96329856663438,-241.82621409148135 block=minecraft:light_gray_terracotta 
