tick	x	y	z	yaw	pitch	vx	vy	vz	boost	fire	cursor	note
0	-984.500	64.417	-48.500	-168.37	-27.00	-0.041	0.516	-0.695	35	false	0	+15:AIM_PULL:glide
1	-984.525	64.930	-49.176	176.58	-19.00	0.140	0.643	-1.080	34	false	0	+0:AIM_PULL:glide
2	-984.405	65.578	-50.233	-158.42	-15.36	0.012	0.601	-1.331	33	false	0	+30:AIM_PULL:glide
3	-984.374	66.211	-51.527	175.39	-19.00	0.159	0.702	-1.391	32	false	0	+0:PULL_UP:glide
4	-984.242	66.931	-52.888	-170.69	-15.40	0.001	0.636	-1.482	31	false	0	+15:AIM_PULL:glide
5	-984.255	67.607	-54.330	-171.36	-19.00	-0.081	0.724	-1.475	30	false	0	+15:LEVEL:glide
6	-984.308	68.351	-55.771	-171.99	-11.00	0.094	0.649	-1.515	29	false	0	+15:LEVEL:glide
7	-984.169	69.002	-57.250	-174.17	-16.29	0.396	0.487	-1.507	28	false	0	+15:AIM_PULL:glide
8	-983.803	69.517	-58.729	165.93	-11.00	0.265	0.534	-1.539	27	false	0	+0:LEVEL:glide
9	-983.602	70.056	-60.240	175.16	-3.00	-0.102	0.432	-1.565	26	false	0	+15:LEVEL:glide
10	-983.706	70.470	-61.786	-177.94	0.00	-0.124	0.251	-1.619	25	false	2	+0:LEVEL:glide
11	-983.810	70.697	-63.389	-159.29	0.00	-0.022	0.113	-1.651	24	false	4	+0:LEVEL:glide
12	-983.772	70.788	-65.012	-149.20	0.00	0.320	0.046	-1.607	23	false	5	+0:LEVEL:glide
13	-983.404	70.813	-66.584	-124.20	-8.00	0.619	0.013	-1.516	22	false	6	+30:AIM:glide
14	-982.724	70.834	-68.021	-149.20	-16.00	1.036	0.129	-1.192	21	false	7	-15:AIM:glide
15	-981.729	70.991	-69.204	-127.18	-23.59	0.916	0.313	-1.293	20	false	9	+30:AIM:glide
16	-980.805	71.348	-70.437	-144.18	-15.59	1.082	0.519	-1.087	19	false	11	+15:LEVEL:glide
17	-979.761	71.884	-71.517	-168.10	-7.59	1.001	0.496	-1.204	18	false	12	+0:LEVEL:glide
18	-978.838	72.376	-72.735	-153.81	0.00	0.635	0.358	-1.433	17	false	14	+15:LEVEL:glide
19	-978.204	72.707	-74.151	-158.68	0.00	0.692	0.166	-1.471	16	false	15	+15:LEVEL:glide
20	-977.528	72.850	-75.611	-156.51	0.00	0.647	0.071	-1.522	15	false	17	+15:LEVEL:glide
21	-976.887	72.900	-77.117	-161.53	-5.36	0.660	0.025	-1.533	14	false	18	+15:AIM:glide
22	-976.248	72.924	-78.634	-167.10	-4.79	0.587	0.091	-1.561	13	false	20	+15:AIM:glide
23	-975.689	73.011	-80.181	-148.28	0.00	0.469	0.114	-1.599	12	false	21	+30:LEVEL:glide
24	-975.185	73.104	-81.747	-167.67	-3.35	0.699	0.046	-1.506	11	false	23	+15:AIM:glide
25	-974.528	73.142	-83.245	-149.75	0.00	0.510	0.069	-1.578	10	false	24	+30:LEVEL:glide
26	-973.991	73.189	-84.794	-154.34	0.00	0.697	0.024	-1.508	9	false	26	+30:LEVEL:glide
27	-973.299	73.193	-86.286	-160.94	-2.78	0.714	0.002	-1.512	8	false	27	+30:AIM:glide
28	-972.609	73.185	-87.789	-172.56	5.22	0.690	-0.008	-1.503	0	true	29	+15:AIM_PULL:fire
29	-971.973	73.161	-89.292	-169.86	8.00	0.428	-0.012	-1.595	35	false	30	+15:AIM_PULL:glide
30	-971.605	73.132	-90.879	-170.52	8.00	0.112	-0.014	-1.640	34	false	32	+0:AIM_PULL:glide
31	-971.479	73.113	-92.501	-146.74	4.87	0.203	0.037	-1.648	33	false	33	+15:AIM_PULL:glide
32	-971.248	73.142	-94.122	-152.94	0.00	0.381	0.066	-1.616	32	false	34	+0:LEVEL:glide
33	-970.833	73.188	-95.709	-150.08	0.00	0.594	0.023	-1.550	31	false	36	+0:LEVEL:glide
34	-970.222	73.191	-97.232	-164.30	8.00	0.730	0.001	-1.499	30	false	38	-15:AIM_PULL:glide
35	-969.527	73.182	-98.726	-152.34	5.57	0.577	0.032	-1.564	29	false	39	+0:AIM_PULL:glide
36	-968.938	73.203	-100.263	-146.72	-2.71	0.689	0.052	-1.521	28	false	40	+0:AIM:glide
37	-968.235	73.244	-101.753	-141.80	5.29	0.817	0.061	-1.455	27	false	41	+0:AIM_PULL:glide
38	-967.411	73.321	-103.171	-137.34	-2.71	0.928	0.196	-1.365	26	false	43	+0:AIM_PULL:glide
39	-966.477	73.513	-104.503	-135.11	2.46	1.040	0.178	-1.288	25	false	44	+0:AIM_PULL:glide
40	-965.408	73.668	-105.734	-134.16	10.46	1.269	0.041	-1.041	24	false	45	+0:AIM_PULL:glide
41	-964.186	73.697	-106.793	-150.13	5.69	1.097	0.049	-1.226	23	false	46	-15:AIM:glide
42	-963.127	73.724	-108.026	-149.03	13.69	0.951	-0.071	-1.350	22	false	47	-15:AIM:glide
43	-962.192	73.644	-109.376	-131.31	15.06	0.902	-0.145	-1.398	21	false	48	+0:AIM:glide
44	-961.254	73.493	-110.740	-128.34	23.06	1.085	-0.296	-1.224	20	false	49	+0:AIM_PULL:glide
45	-960.114	73.210	-111.906	-112.92	6.28	1.327	-0.352	-0.909	19	false	50	+15:LEVEL:glide
46	-958.755	72.881	-112.790	-116.08	0.00	1.458	-0.257	-0.771	18	false	51	+15:LEVEL:glide
47	-957.288	72.636	-113.560	-141.08	8.00	1.497	-0.122	-0.759	17	false	53	+0:AIM_PULL:glide
48	-955.800	72.511	-114.327	-145.56	8.00	1.476	-0.063	-0.816	16	false	54	+0:AIM_PULL:glide
49	-954.375	72.438	-115.189	-155.64	0.00	1.247	-0.036	-1.092	15	false	55	+15:LEVEL:glide
50	-953.194	72.387	-116.316	-149.68	0.00	0.938	-0.144	-1.330	14	false	57	+15:LEVEL:glide
51	-952.270	72.242	-117.653	-148.16	0.00	0.891	-0.072	-1.402	13	false	58	+15:LEVEL:glide
52	-951.385	72.161	-119.049	-145.92	0.00	0.891	-0.041	-1.420	12	false	59	+15:LEVEL:glide
53	-950.495	72.107	-120.456	-143.42	8.00	0.921	-0.027	-1.408	11	false	60	+15:AIM_PULL:glide
54	-949.611	72.066	-121.869	-151.08	8.00	0.755	-0.021	-1.497	10	false	62	+0:AIM_PULL:glide
55	-948.816	72.029	-123.320	-147.38	0.00	0.795	-0.037	-1.450	0	true	63	+0:LEVEL:fire
56	-948.016	71.977	-124.754	-143.47	2.35	0.851	-0.179	-1.421	35	false	64	+0:LEVEL:glide
57	-947.150	71.802	-126.166	-124.89	0.00	0.939	-0.123	-1.389	34	false	65	+15:LEVEL:glide
58	-946.167	71.676	-127.506	-149.89	8.00	1.189	-0.063	-1.156	33	false	67	-15:AIM:glide
59	-945.022	71.602	-128.684	-158.82	16.00	0.995	-0.155	-1.317	32	false	68	-15:AIM:glide
60	-944.071	71.442	-130.024	-146.89	8.00	0.771	-0.314	-1.432	31	false	70	+0:LEVEL:glide
61	-943.281	71.145	-131.459	-147.96	13.00	0.855	-0.267	-1.423	30	false	72	+0:AIM:glide
62	-942.419	70.888	-132.887	-145.08	21.00	0.871	-0.320	-1.416	29	false	73	+0:AIM_PULL:glide
63	-941.532	70.588	-134.308	-127.17	13.00	0.928	-0.224	-1.405	28	false	74	+15:AIM_PULL:glide
64	-940.631	70.373	-135.733	-154.08	8.00	0.780	-0.108	-1.496	27	false	75	-15:AIM_PULL:glide
65	-939.860	70.275	-137.223	-129.08	3.88	0.756	0.012	-1.507	26	false	76	+15:AIM_PULL:glide
66	-939.061	70.285	-138.668	-130.04	3.23	1.057	0.076	-1.257	25	false	77	+0:AIM:glide
67	-937.975	70.356	-139.855	-140.04	3.51	1.310	0.102	-0.952	24	false	79	-15:AIM_PULL:glide
68	-936.689	70.454	-140.804	-132.15	2.80	1.288	0.126	-1.022	23	false	80	+0:AIM:glide
69	-935.420	70.558	-141.823	-157.15	8.86	1.264	0.010	-1.080	22	false	81	-30:AIM:glide
70	-934.230	70.548	-142.938	-163.97	16.86	0.921	-0.136	-1.331	21	false	82	-30:AIM_PULL:glide
71	-933.361	70.411	-144.291	-145.89	8.86	0.669	-0.081	-1.494	20	false	83	-15:AIM_PULL:glide
72	-932.710	70.335	-145.780	-140.53	4.06	0.603	0.021	-1.546	19	false	84	-15:AIM_PULL:glide
73	-932.106	70.352	-147.302	-149.70	3.43	0.653	0.076	-1.532	18	false	85	-30:AIM_PULL:glide
74	-931.444	70.423	-148.806	-129.39	3.52	0.759	0.102	-1.483	17	false	86	-15:AIM:glide
75	-930.674	70.517	-150.258	-139.96	4.05	0.879	0.106	-1.416	16	false	87	-30:AIM_PULL:glide
76	-929.785	70.601	-151.646	-136.44	8.00	0.991	0.042	-1.344	15	false	88	-30:AIM_PULL:glide
77	-928.788	70.623	-152.963	-133.73	0.00	1.084	0.011	-1.275	14	false	89	-30:LEVEL:glide
78	-927.701	70.614	-154.214	-131.71	0.00	1.158	-0.004	-1.213	13	false	90	-30:LEVEL:glide
79	-926.544	70.593	-155.407	-106.71	0.00	1.213	-0.011	-1.162	12	false	91	+0:LEVEL:glide
80	-925.302	70.566	-156.491	-106.46	0.00	1.435	-0.014	-0.786	11	false	93	+0:LEVEL:glide
81	-923.864	70.537	-157.238	-109.56	8.00	1.534	-0.015	-0.614	10	false	94	+0:AIM_PULL:glide
82	-922.341	70.506	-157.842	-114.47	8.00	1.563	-0.015	-0.586	9	false	95	+0:AIM_PULL:glide
83	-920.795	70.475	-158.434	-120.08	8.00	1.546	-0.016	-0.648	8	false	96	+0:AIM_PULL:glide
84	-919.271	70.442	-159.096	-127.35	7.40	1.524	-0.032	-0.662	0	true	98	+0:AIM:fire
85	-917.778	70.395	-159.789	-131.75	15.40	1.416	-0.133	-0.858	35	false	99	+0:AIM_PULL:glide
86	-916.384	70.262	-160.671	-149.68	7.40	1.331	-0.058	-1.007	34	false	100	-15:AIM_PULL:glide
87	-915.053	70.214	-161.650	-106.81	2.33	1.400	0.060	-0.909	33	false	101	+30:AIM_PULL:glide
88	-913.648	70.253	-162.508	-131.81	10.33	1.516	-0.015	-0.674	32	false	103	+0:AIM_PULL:glide
89	-912.155	70.221	-163.198	-147.29	14.35	1.460	-0.110	-0.796	31	false	104	+0:AIM_PULL:glide
90	-910.760	70.113	-164.054	-153.94	6.35	1.157	-0.030	-1.143	30	false	105	+15:AIM_PULL:glide
91	-909.657	70.069	-165.221	-154.56	8.00	0.925	-0.022	-1.347	29	false	106	+15:AIM_PULL:glide
92	-908.761	70.032	-166.571	-152.99	8.00	0.813	-0.018	-1.442	28	false	107	+15:AIM_PULL:glide
93	-907.961	69.998	-168.005	-159.25	8.00	0.786	-0.017	-1.474	27	false	109	+0:AIM_PULL:glide
94	-907.167	69.993	-169.449	-126.22	0.10	0.889	0.114	-1.405	26	false	110	+30:AIM_PULL:glide
95	-906.242	70.086	-170.799	-124.32	8.10	1.148	0.045	-1.177	25	false	111	+30:AIM_PULL:glide
96	-905.084	70.109	-171.939	-125.08	13.29	1.278	-0.066	-1.047	24	false	112	+30:AIM_PULL:glide
97	-903.805	70.033	-172.970	-142.37	13.67	1.332	-0.122	-1.002	23	false	113	+15:AIM_PULL:glide
98	-902.510	69.907	-174.004	-140.14	8.00	1.166	-0.063	-1.190	22	false	115	+15:AIM_PULL:glide
99	-901.361	69.834	-175.196	-155.59	8.00	1.120	-0.037	-1.249	21	false	116	+0:AIM_PULL:glide
100	-900.292	69.784	-176.465	-130.59	10.76	0.885	-0.066	-1.407	20	false	117	+30:AIM_PULL:glide
101	-899.434	69.727	-177.870	-167.48	2.76	0.785	0.049	-1.471	19	false	118	-15:AIM_PULL:glide
102	-898.699	69.755	-179.341	-163.20	8.00	0.552	0.014	-1.566	18	false	119	-15:AIM_PULL:glide
103	-898.159	69.750	-180.894	-155.27	10.41	0.515	-0.038	-1.589	17	false	121	-15:AIM_PULL:glide
104	-897.629	69.698	-182.465	-134.47	8.00	0.621	-0.026	-1.558	16	false	122	+0:AIM_PULL:glide
105	-897.032	69.686	-184.009	-144.07	0.00	0.524	0.112	-1.583	15	false	123	-15:AIM_PULL:glide
106	-896.475	69.813	-185.544	-153.51	-2.50	0.769	0.218	-1.444	14	false	124	-30:LEVEL:glide
107	-895.719	70.016	-186.974	-134.56	0.00	0.757	0.139	-1.475	13	false	125	-15:LEVEL:glide
108	-894.927	70.132	-188.403	-130.73	5.06	1.001	0.058	-1.311	12	false	126	-15:AIM:glide
109	-893.911	70.169	-189.677	-143.76	0.00	1.150	-0.057	-1.190	11	false	127	-30:LEVEL:glide
110	-892.786	70.101	-190.875	-142.66	0.00	1.125	-0.067	-1.198	0	true	128	-30:LEVEL:fire
111	-891.685	70.048	-192.072	-141.43	1.04	1.063	0.076	-1.269	35	false	129	-30:AIM:glide
112	-890.640	70.129	-193.325	-124.50	0.72	1.048	0.148	-1.286	34	false	130	-15:AIM_PULL:glide
113	-889.577	70.277	-194.560	-137.70	1.51	1.228	0.170	-1.096	33	false	131	-30:AIM_PULL:glide
114	-888.377	70.442	-195.653	-137.44	2.94	1.170	0.157	-1.173	32	false	132	-30:AIM_PULL:glide
115	-887.224	70.576	-196.819	-136.37	8.00	1.152	0.067	-1.209	31	false	133	-30:AIM_PULL:glide
116	-886.085	70.629	-198.015	-140.68	6.23	1.156	0.053	-1.213	30	false	135	-30:AIM_PULL:glide
117	-884.950	70.661	-199.223	-124.44	8.00	1.106	0.016	-1.262	29	false	136	-15:AIM:glide
118	-883.827	70.656	-200.442	-138.02	0.00	1.256	-0.121	-1.085	28	false	137	-30:LEVEL:glide
119	-882.590	70.532	-201.540	-137.84	8.00	1.187	-0.062	-1.181	27	false	138	-30:AIM_PULL:glide
120	-881.416	70.459	-202.721	-136.74	16.00	1.152	-0.155	-1.214	26	false	139	-30:AIM_PULL:glide
121	-880.265	70.304	-203.935	-120.19	0.00	1.158	-0.077	-1.226	25	false	140	-15:LEVEL:glide
122	-879.113	70.234	-205.148	-124.58	3.67	1.173	0.029	-1.208	24	false	142	-15:AIM_PULL:glide
123	-877.917	70.265	-206.280	-135.19	0.00	1.391	0.104	-0.858	23	false	144	-15:LEVEL:glide
124	-876.563	70.348	-207.159	-160.19	0.00	1.276	0.041	-1.042	22	false	146	-30:LEVEL:glide
125	-875.349	70.369	-208.232	-166.59	-8.00	1.007	0.010	-1.286	21	false	148	-15:PULL_UP:glide
126	-874.343	70.373	-209.493	-154.67	-11.75	1.086	0.058	-1.247	20	false	150	+0:PULL_UP:glide
127	-873.272	70.426	-210.725	-162.94	0.00	1.084	0.093	-1.262	19	false	151	+0:LEVEL:glide
128	-872.221	70.510	-211.986	-165.20	0.00	0.976	0.090	-1.350	18	false	153	+0:LEVEL:glide
129	-871.271	70.592	-213.329	-163.99	0.00	0.897	0.092	-1.408	17	false	154	+0:LEVEL:glide
130	-870.388	70.671	-214.723	-157.53	0.00	0.879	0.074	-1.425	16	false	156	+15:LEVEL:glide
131	-869.543	70.732	-216.143	-179.62	0.00	0.747	0.065	-1.495	15	false	157	+0:LEVEL:glide
132	-868.876	70.776	-217.641	-171.08	0.00	0.339	0.022	-1.599	14	false	158	+15:LEVEL:glide
133	-868.548	70.778	-219.225	-173.62	0.00	0.295	0.001	-1.632	13	false	160	+15:LEVEL:glide
134	-868.267	70.760	-220.844	161.38	-8.00	0.282	-0.018	-1.619	0	false	162	-30:PULL_UP:glide
135	-868.066	70.755	-222.436	-178.30	0.00	0.201	-0.006	-1.592	0	true	163	+15:LEVEL:fire
136	-867.883	70.734	-224.015	173.02	0.00	0.183	-0.020	-1.579	0	true	165	+15:LEVEL:fire
137	-867.738	70.705	-225.580	154.99	0.00	0.144	-0.029	-1.565	0	true	166	+0:LEVEL:fire
138	-867.638	70.668	-227.130	151.94	0.00	0.101	-0.038	-1.550	0	true	167	+0:LEVEL:fire
139	-867.583	70.621	-228.665	153.44	0.00	0.054	-0.047	-1.535	0	true	169	+0:LEVEL:fire
140	-867.566	70.569	-230.185	177.97	-10.25	0.017	-0.052	-1.520	0	false	171	+15:PULL_UP:glide
141	-867.557	70.515	-231.694	176.49	-10.81	0.010	-0.054	-1.509	0	false	172	+15:PULL_UP:glide
142	-867.557	70.458	-233.192	-164.48	-10.59	-0.001	-0.057	-1.498	0	false	174	+15:PULL_UP:glide
143	-867.518	70.422	-234.666	-145.91	-12.00	0.039	-0.035	-1.474	0	false	176	+15:PULL_UP:glide
144	-867.406	70.411	-236.095	-136.74	-4.72	0.113	-0.011	-1.429	0	false	177	+15:AIM:glide
145	-867.209	70.399	-237.471	-128.59	-0.93	0.197	-0.013	-1.376	0	false	178	+15:AIM:glide
146	-866.924	70.372	-238.784	-121.83	-1.13	0.285	-0.026	-1.313	0	false	179	+15:AIM:glide
147	-866.555	70.335	-240.025	-131.51	-1.40	0.369	-0.037	-1.242	0	false	180	+0:AIM:glide
148	-866.127	70.288	-241.219	-127.26	-1.72	0.428	-0.047	-1.194	0	false	181	+0:AIM:glide
149	-865.642	70.234	-242.362	-121.40	-2.53	0.485	-0.054	-1.143	0	false	181	+0:AIM:glide
150	-865.101	70.175	-243.446	-118.60	-2.91	0.541	-0.059	-1.084	0	false	182	+0:AIM:glide
151	-864.510	70.114	-244.472	-93.60	-10.91	0.592	-0.062	-1.026	0	false	183	+30:PULL_UP:glide
152	-863.867	70.067	-245.393	0.00	0.00	0.643	-0.046	-0.921	0	false	184	no_viable_trajectory eval=40 ok=1 sim=8ms reject[c=35,f=4,s=0,ta=1] first=collision@t19(-850.5,70.0,-252.7)block=minecraft:light_gray_terracotta shape= entry=184/203 target=-857.5,70.5,-248.5 at=-863.9,70.1,-245.4 pitch=-10.9
SURFACE 65.0
DIAG +0 AIM fire=0 screen floor@20 xyz=-848.2321211090823,68.31429262185094,-258.2619995739495 block= 
DIAG +0 AIM fire=1 terminal terminal_action@1 xyz=-841.45,66.25671268441334,-266.4412879057256 block=minecraft:coal_ore arrived=true arrival=-842.9854743021634,66.82145817387853,-264.7763330079052 speed=1.6607843099769264
SURFACE 65.0
DIAG +0 AIM_PULL fire=0 screen floor@20 xyz=-847.5709892252285,67.52673655261373,-258.7657827495442 block= 
DIAG +0 AIM_PULL fire=1 screen collision@17 xyz=-843.8955392192678,65.82008688662968,-263.55 block=minecraft:prismarine 
SURFACE 65.0
DIAG +0 LEVEL fire=0 screen floor@20 xyz=-847.6348568075921,67.84112398888784,-258.7106054251709 block= 
SURFACE 69.0
DIAG +0 LEVEL fire=1 screen floor@20 xyz=-841.2137049309556,69.46879060749079,-267.5252215481548 block= 
DIAG +0 PULL_UP fire=0 screen collision@16 xyz=-852.45,70.24136627125618,-255.1001646843401 block=minecraft:light_gray_terracotta 
DIAG +0 PULL_UP fire=1 screen collision@7 xyz=-854.553422245857,72.15932959876494,-251.55 block=minecraft:red_terracotta 
DIAG -15 AIM fire=0 screen collision@14 xyz=-852.8074029295656,68.97179850174045,-256.55 block=minecraft:light_gray_terracotta 
DIAG -15 AIM fire=1 screen collision@10 xyz=-852.2305682039557,69.26538746564025,-256.55 block=minecraft:white_terracotta 
DIAG -15 AIM_PULL fire=0 screen collision@14 xyz=-852.7738611139902,68.43104001850388,-256.55 block=minecraft:light_gray_terracotta 
DIAG -15 AIM_PULL fire=1 screen collision@11 xyz=-850.4327056654375,67.35503187003842,-258.55 block=minecraft:wall_torch 
DIAG -15 LEVEL fire=0 screen collision@14 xyz=-852.77475631198,68.58832110405822,-256.55 block=minecraft:light_gray_terracotta 
DIAG -15 LEVEL fire=1 screen collision@10 xyz=-852.2141230834768,69.77169695366695,-256.55 block=minecraft:white_terracotta 
DIAG -15 PULL_UP fire=0 screen collision@14 xyz=-854.0225408463821,70.25161057393679,-255.55 block=minecraft:light_gray_terracotta 
DIAG -15 PULL_UP fire=1 screen collision@7 xyz=-855.45,72.1578539869976,-252.88229401997478 block=minecraft:red_terracotta 
DIAG +15 AIM fire=0 screen collision@16 xyz=-850.45,68.72471922101683,-254.41578050612353 block=minecraft:light_gray_terracotta 
DIAG +15 AIM fire=1 screen collision@7 xyz=-853.45,70.32074533149888,-249.38051021329093 block=minecraft:white_terracotta 
DIAG +15 AIM_PULL fire=0 screen collision@16 xyz=-850.45,68.1601402537658,-254.37026010795802 block=minecraft:light_gray_terracotta 
DIAG +15 AIM_PULL fire=1 screen collision@7 xyz=-853.45,69.06493820970927,-249.43803669294346 block=minecraft:white_terracotta 
DIAG +15 LEVEL fire=0 screen collision@16 xyz=-850.45,68.3595338743577,-254.36983193242895 block=minecraft:light_gray_terracotta 
DIAG +15 LEVEL fire=1 screen collision@7 xyz=-853.45,69.8472965699507,-249.41123069017206 block=minecraft:white_terracotta 
DIAG +15 PULL_UP fire=0 screen collision@16 xyz=-852.1352321138904,70.1558190504827,-253.55 block=minecraft:light_gray_terracotta 
DIAG +15 PULL_UP fire=1 screen collision@7 xyz=-854.2922399402469,72.05,-249.64925791599165 block=minecraft:red_terracotta 
DIAG -30 AIM fire=0 screen collision@9 xyz=-857.8663162603111,69.50165494419203,-253.55 block=minecraft:white_terracotta 
DIAG -30 AIM fire=1 screen collision@7 xyz=-857.1310237483929,70.03962021593287,-254.55 block=minecraft:stone 
DIAG -30 AIM_PULL fire=0 screen collision@9 xyz=-857.1316540048306,69.15,-253.79710551439004 block=minecraft:torch 
DIAG -30 AIM_PULL fire=1 screen collision@6 xyz=-858.068288528786,69.14921752344789,-252.55 block=minecraft:stone 
DIAG -30 LEVEL fire=0 screen collision@9 xyz=-857.737992858959,69.16671600686414,-253.55 block=minecraft:white_terracotta 
DIAG -30 LEVEL fire=1 screen collision@7 xyz=-857.0873457687053,69.8472965699507,-254.55 block=minecraft:stone 
DIAG -30 PULL_UP fire=0 screen collision@8 xyz=-858.7025777913435,70.09519044431474,-252.55 block=minecraft:stone 
DIAG -30 PULL_UP fire=1 screen collision@4 xyz=-860.1908476981324,71.15789719277934,-250.55 block=minecraft:terracotta 
DIAG +30 AIM fire=0 screen collision@17 xyz=-850.45,68.72986164920565,-252.56559887603177 block=minecraft:light_gray_terracotta 
DIAG +30 AIM fire=1 screen collision@6 xyz=-854.45,70.37668476107729,-247.61119695607704 block=minecraft:white_terracotta 
DIAG +30 AIM_PULL fire=0 screen collision@16 xyz=-850.3001055291362,68.11513200729311,-252.55 block=minecraft:light_gray_terracotta 
DIAG +30 AIM_PULL fire=1 screen collision@6 xyz=-855.45,69.38474421978046,-247.228689799124 block=minecraft:terracotta 
DIAG +30 LEVEL fire=0 screen collision@16 xyz=-850.3533179019522,68.30635716727288,-252.55 block=minecraft:light_gray_terracotta 
DIAG +30 LEVEL fire=1 screen collision@6 xyz=-855.45,69.9014669012342,-247.22555808988497 block=minecraft:terracotta 
DIAG +30 PULL_UP fire=0 screen collision@19 xyz=-850.45,70.0291098273854,-252.6824152312875 block=minecraft:light_gray_terracotta 
DIAG +30 PULL_UP fire=1 screen collision@6 xyz=-855.45,71.67391503575011,-247.25918763274316 block=minecraft:terracotta 
