tick	x	y	z	yaw	pitch	vx	vy	vz	boost	fire	cursor	note
0	-984.500	64.417	-48.500	-168.37	-27.00	-0.041	0.516	-0.695	35	false	0	+15:PULL_UP:glide
1	-984.525	64.930	-49.176	176.58	-19.00	0.140	0.643	-1.080	34	false	0	+0:PULL_UP:glide
2	-984.405	65.578	-50.233	-169.10	-27.00	0.012	0.601	-1.331	33	false	0	+15:AIM_PULL:glide
3	-984.374	66.211	-51.527	175.39	-19.00	0.159	0.702	-1.391	32	false	0	+0:PULL_UP:glide
4	-984.242	66.931	-52.888	174.31	-27.00	0.001	0.636	-1.482	31	false	0	+0:AIM_PULL:glide
5	-984.255	67.607	-54.330	-171.36	-19.00	-0.081	0.724	-1.475	30	false	0	+15:LEVEL:glide
6	-984.308	68.351	-55.771	-156.99	-11.00	0.094	0.649	-1.515	29	false	0	+30:LEVEL:glide
7	-984.169	69.002	-57.250	-174.17	-19.00	0.396	0.487	-1.507	28	false	0	+15:AIM:glide
8	-983.803	69.517	-58.729	165.93	-11.00	0.265	0.534	-1.539	27	false	0	+0:LEVEL:glide
9	-983.602	70.056	-60.240	175.16	-3.00	-0.102	0.432	-1.565	26	false	0	+15:LEVEL:glide
10	-983.706	70.470	-61.786	-177.94	0.00	-0.124	0.251	-1.619	25	false	2	+0:LEVEL:glide
11	-983.810	70.697	-63.389	-159.29	0.00	-0.022	0.113	-1.651	24	false	4	+0:LEVEL:glide
12	-983.772	70.788	-65.012	-149.20	0.00	0.320	0.046	-1.607	23	false	5	+0:LEVEL:glide
13	-983.404	70.813	-66.584	-124.20	-8.00	0.619	0.013	-1.516	22	false	6	+30:AIM:glide
14	-982.724	70.834	-68.021	-149.20	-16.00	1.036	0.129	-1.192	21	false	7	-15:AIM:glide
15	-981.729	70.991	-69.204	-127.18	-23.59	0.916	0.313	-1.293	20	false	9	+30:AIM:glide
16	-980.805	71.348	-70.437	-144.18	-15.59	1.082	0.519	-1.087	19	false	11	+15:LEVEL:glide
17	-979.761	71.884	-71.517	-168.10	-7.59	1.001	0.496	-1.204	18	false	12	+0:LEVEL:glide
18	-978.838	72.376	-72.735	-153.81	0.00	0.635	0.358	-1.433	17	false	14	+15:LEVEL:glide
19	-978.204	72.707	-74.151	-158.68	0.00	0.692	0.166	-1.471	16	false	15	+15:LEVEL:glide
20	-977.528	72.850	-75.611	-156.51	0.00	0.647	0.071	-1.522	15	false	17	+15:LEVEL:glide
21	-976.887	72.900	-77.117	-161.53	-5.36	0.660	0.025	-1.533	14	false	18	+15:AIM:glide
22	-976.248	72.924	-78.634	-167.10	-4.79	0.587	0.091	-1.561	13	false	20	+15:AIM:glide
23	-975.689	73.011	-80.181	-148.28	0.00	0.469	0.114	-1.599	12	false	21	+30:LEVEL:glide
24	-975.185	73.104	-81.747	-167.67	-3.35	0.699	0.046	-1.506	11	false	23	+15:AIM:glide
25	-974.528	73.142	-83.245	-149.75	0.00	0.510	0.069	-1.578	10	false	24	+30:LEVEL:glide
26	-973.991	73.189	-84.794	-154.34	0.00	0.697	0.024	-1.508	9	false	26	+30:LEVEL:glide
27	-973.299	73.193	-86.286	-175.94	0.00	0.692	0.004	-1.492	0	true	27	+15:LEVEL:fire
28	-972.671	73.178	-87.779	172.96	0.00	0.374	-0.007	-1.595	35	false	29	+0:LEVEL:glide
29	-972.357	73.154	-89.363	178.67	0.00	0.053	-0.012	-1.636	34	false	30	+0:LEVEL:glide
30	-972.314	73.126	-90.985	-164.44	0.00	0.002	-0.014	-1.661	33	false	32	+0:LEVEL:glide
31	-972.269	73.096	-92.626	-154.76	-3.56	0.251	-0.015	-1.639	32	false	33	+0:AIM:glide
32	-971.976	73.078	-94.235	-146.56	-3.83	0.508	0.044	-1.572	31	false	34	+0:AIM:glide
33	-971.435	73.115	-95.769	-140.25	0.00	0.738	0.075	-1.475	30	false	35	+0:LEVEL:glide
34	-970.674	73.169	-97.208	-134.05	0.00	0.924	0.027	-1.373	29	false	37	+15:LEVEL:glide
35	-969.732	73.175	-98.545	-136.51	0.00	1.082	0.003	-1.260	28	false	39	+15:LEVEL:glide
36	-968.654	73.161	-99.788	-151.09	-2.98	1.124	-0.007	-1.238	27	false	40	+0:AIM:glide
37	-967.573	73.147	-101.035	-150.65	-3.22	0.951	0.037	-1.367	26	false	41	+0:AIM:glide
38	-966.646	73.176	-102.394	-148.36	-11.22	0.879	0.062	-1.419	25	false	42	+0:AIM_PULL:glide
39	-965.782	73.256	-103.789	-143.14	-5.96	0.869	0.205	-1.407	24	false	44	+0:AIM_PULL:glide
40	-964.913	73.458	-105.169	-155.38	-4.12	0.942	0.189	-1.366	23	false	45	-15:AIM_PULL:glide
41	-964.007	73.639	-106.532	-152.78	3.88	0.806	0.151	-1.452	22	false	46	-15:AIM_PULL:glide
42	-963.214	73.767	-107.972	-148.85	7.13	0.785	0.007	-1.474	21	false	47	-15:AIM_PULL:glide
43	-962.428	73.754	-109.428	-144.56	7.43	0.829	-0.112	-1.450	20	false	48	-15:AIM_PULL:glide
44	-961.587	73.637	-110.864	-155.55	14.64	0.909	-0.168	-1.405	19	false	49	-30:AIM_PULL:glide
45	-960.702	73.466	-112.281	-130.55	13.87	0.783	-0.300	-1.457	18	false	50	+15:AIM_PULL:glide
46	-959.859	73.179	-113.704	-105.55	5.87	1.048	-0.347	-1.248	17	false	51	+15:LEVEL:glide
47	-958.738	72.854	-114.867	-130.55	10.87	1.375	-0.249	-0.809	16	false	53	-15:AIM_PULL:glide
48	-957.375	72.614	-115.706	-149.40	2.87	1.316	-0.280	-0.962	15	false	54	-15:LEVEL:glide
49	-956.107	72.348	-116.724	-157.94	0.00	1.066	-0.175	-1.240	14	false	56	-15:LEVEL:glide
50	-955.090	72.176	-117.996	-141.45	0.00	0.828	-0.086	-1.423	13	false	57	+0:LEVEL:glide
51	-954.244	72.083	-119.399	-137.61	0.00	0.952	-0.047	-1.366	12	false	58	+0:LEVEL:glide
52	-953.281	72.024	-120.742	-134.86	0.00	1.055	-0.029	-1.299	11	false	60	+0:LEVEL:glide
53	-952.220	71.980	-122.020	-133.51	0.00	1.133	-0.022	-1.238	10	false	61	+0:LEVEL:glide
54	-951.087	71.943	-123.240	-117.88	0.00	1.183	-0.018	-1.195	9	false	62	+15:LEVEL:glide
55	-949.883	71.910	-124.385	-133.19	0.00	1.353	-0.017	-0.970	8	false	63	+0:LEVEL:glide
56	-948.555	71.877	-125.364	-108.19	8.00	1.284	-0.016	-1.071	7	false	64	+30:AIM:glide
57	-947.251	71.844	-126.371	-133.19	0.00	1.304	-0.033	-1.007	0	true	65	+0:LEVEL:fire
58	-945.966	71.797	-127.383	-108.88	0.00	1.262	-0.023	-1.088	35	false	67	+30:LEVEL:glide
59	-944.682	71.759	-128.407	-133.88	8.00	1.446	-0.019	-0.787	34	false	68	+0:AIM_PULL:glide
60	-943.273	71.723	-129.224	-126.16	5.95	1.311	-0.136	-0.992	33	false	70	+30:AIM_PULL:glide
61	-941.962	71.585	-130.212	-151.16	13.95	1.338	-0.157	-0.993	32	false	71	+15:AIM:glide
62	-940.683	71.424	-131.254	-154.27	5.95	1.037	-0.285	-1.244	31	false	72	+15:LEVEL:glide
63	-939.678	71.154	-132.531	-153.84	13.95	0.870	-0.223	-1.400	30	false	73	+15:AIM:glide
64	-938.822	70.935	-133.944	-145.50	5.95	0.792	-0.314	-1.447	29	false	75	+15:AIM_PULL:glide
65	-938.007	70.639	-135.391	-127.69	0.00	0.886	-0.236	-1.421	28	false	76	+30:LEVEL:glide
66	-937.068	70.414	-136.773	-125.85	8.00	1.142	-0.113	-1.210	27	false	77	+30:AIM:glide
67	-935.907	70.295	-137.954	-150.85	0.00	1.263	-0.178	-1.084	26	false	78	+0:AIM_PULL:glide
68	-934.693	70.121	-139.079	-153.56	0.00	1.021	-0.087	-1.305	25	false	80	+0:LEVEL:glide
69	-933.706	70.026	-140.397	-167.28	-7.63	0.872	-0.047	-1.420	24	false	81	-15:AIM_PULL:glide
70	-932.894	69.994	-141.821	-142.28	0.37	0.592	0.097	-1.534	23	false	82	+15:AIM:glide
71	-932.267	70.069	-143.317	-144.00	0.00	0.834	0.032	-1.420	22	false	83	+0:LEVEL:glide
72	-931.428	70.081	-144.714	-140.62	0.00	0.919	0.006	-1.386	21	false	84	+0:LEVEL:glide
73	-930.504	70.068	-146.077	-137.30	0.00	1.001	-0.006	-1.339	20	false	86	+0:LEVEL:glide
74	-929.498	70.045	-147.393	-135.62	-7.64	1.079	-0.012	-1.283	19	false	87	+0:AIM_PULL:glide
75	-928.424	70.044	-148.651	-119.56	0.00	1.126	0.113	-1.231	18	false	88	+15:LEVEL:glide
76	-927.276	70.135	-149.829	-119.36	-6.57	1.313	0.045	-1.008	17	false	89	+15:AIM_PULL:glide
77	-925.969	70.183	-150.805	-144.36	1.43	1.389	0.121	-0.902	16	false	90	-15:AIM:glide
78	-924.636	70.282	-151.742	-139.00	0.00	1.162	0.028	-1.159	15	false	91	+0:LEVEL:glide
79	-923.494	70.290	-152.897	-139.05	7.39	1.142	0.008	-1.155	0	true	92	+0:AIM:fire
80	-922.370	70.279	-154.048	-138.22	-0.61	1.114	-0.115	-1.212	35	false	94	+0:AIM_PULL:glide
81	-921.261	70.162	-155.259	-137.75	-6.66	1.121	-0.049	-1.239	34	false	95	+0:AIM_PULL:glide
82	-920.152	70.124	-156.485	-152.15	0.00	1.122	0.080	-1.238	33	false	96	-15:LEVEL:glide
83	-919.075	70.183	-157.734	-127.15	-6.10	0.936	0.029	-1.376	32	false	97	+15:AIM_PULL:glide
84	-918.115	70.213	-159.056	-133.92	1.90	1.154	0.106	-1.171	31	false	98	+0:AIM:glide
85	-916.969	70.297	-160.212	-133.81	7.33	1.184	0.014	-1.168	30	false	99	+0:AIM:glide
86	-915.795	70.291	-161.367	-133.90	7.56	1.196	-0.112	-1.161	29	false	100	+0:AIM:glide
87	-914.602	70.173	-162.524	-140.50	-0.44	1.203	-0.170	-1.163	28	false	102	+0:AIM_PULL:glide
88	-913.414	70.007	-163.700	-160.99	0.00	1.135	-0.077	-1.244	27	false	104	-15:LEVEL:glide
89	-912.346	69.922	-164.975	-167.75	0.00	0.811	-0.043	-1.441	26	false	105	-15:LEVEL:glide
90	-911.587	69.867	-166.424	-161.07	-8.00	0.560	-0.028	-1.555	25	false	107	-15:AIM_PULL:glide
91	-911.037	69.852	-167.960	-136.07	-9.18	0.548	0.111	-1.565	24	false	108	+15:AIM_PULL:glide
92	-910.441	69.973	-169.466	-135.54	-1.18	0.880	0.196	-1.357	23	false	109	+0:AIM:glide
93	-909.545	70.150	-170.788	-133.04	5.38	1.043	0.106	-1.268	22	false	110	+0:AIM:glide
94	-908.497	70.234	-172.029	-131.82	-2.62	1.143	-0.038	-1.198	21	false	111	+0:AIM_PULL:glide
95	-907.355	70.192	-173.207	-116.48	0.00	1.204	0.018	-1.155	20	false	112	+15:LEVEL:glide
96	-906.135	70.190	-174.310	-117.12	-5.69	1.371	-0.001	-0.930	19	false	113	+15:AIM_PULL:glide
97	-904.770	70.193	-175.212	-142.12	-5.47	1.435	0.086	-0.836	18	false	114	-15:AIM_PULL:glide
98	-903.394	70.276	-176.083	-137.90	2.53	1.208	0.123	-1.103	17	false	116	+0:AIM:glide
99	-902.210	70.377	-177.186	-138.45	0.00	1.162	0.013	-1.182	16	false	117	+0:LEVEL:glide
100	-901.066	70.370	-178.362	-138.38	0.00	1.136	-0.003	-1.224	15	false	118	+0:LEVEL:glide
101	-899.942	70.350	-179.578	-137.93	-4.69	1.126	-0.010	-1.243	14	false	119	+0:AIM_PULL:glide
102	-898.829	70.340	-180.807	-152.31	3.31	1.124	0.065	-1.244	13	false	120	-15:AIM:glide
103	-897.750	70.384	-182.062	-151.24	-3.82	0.934	-0.027	-1.379	12	false	121	-15:AIM_PULL:glide
104	-896.839	70.356	-183.435	-133.13	4.18	0.864	0.043	-1.430	11	false	122	+0:AIM:glide
105	-895.948	70.377	-184.823	-145.65	6.97	0.890	0.022	-1.387	0	true	124	-15:AIM:fire
106	-895.063	70.378	-186.194	-142.74	0.00	0.919	-0.103	-1.382	35	false	125	-15:LEVEL:glide
107	-894.138	70.270	-187.564	-124.92	0.00	0.977	-0.054	-1.362	34	false	126	+0:LEVEL:glide
108	-893.126	70.205	-188.876	-137.78	0.00	1.203	-0.033	-1.143	33	false	127	-15:LEVEL:glide
109	-891.941	70.158	-190.020	-152.61	-6.18	1.164	-0.023	-1.201	32	false	128	-30:AIM_PULL:glide
110	-890.829	70.142	-191.235	-151.50	-6.13	0.945	0.083	-1.358	31	false	129	-30:AIM_PULL:glide
111	-889.912	70.226	-192.583	-148.33	-5.27	0.862	0.133	-1.417	30	false	130	-30:AIM_PULL:glide
112	-889.060	70.355	-193.980	-144.38	-4.03	0.870	0.142	-1.419	29	false	131	-30:AIM_PULL:glide
113	-888.192	70.489	-195.375	-140.47	-2.75	0.928	0.127	-1.387	28	false	132	-30:AIM_PULL:glide
114	-887.261	70.604	-196.736	-137.03	-1.62	1.006	0.098	-1.335	27	false	133	-30:AIM_PULL:glide
115	-886.254	70.686	-198.045	-134.19	6.38	1.083	0.065	-1.276	26	false	134	-30:AIM:glide
116	-885.170	70.730	-199.298	-123.27	9.93	1.148	-0.073	-1.215	25	false	136	-15:AIM:glide
117	-884.002	70.646	-200.476	-137.29	1.93	1.284	-0.188	-1.048	24	false	137	-30:LEVEL:glide
118	-882.734	70.462	-201.544	-137.42	0.00	1.210	-0.120	-1.158	23	false	138	-30:LEVEL:glide
119	-881.535	70.338	-202.708	-136.54	0.00	1.175	-0.062	-1.208	22	false	139	-30:LEVEL:glide
120	-880.369	70.266	-203.910	-120.16	0.00	1.168	-0.036	-1.218	21	false	140	-15:LEVEL:glide
121	-879.180	70.216	-205.082	-124.90	0.00	1.324	-0.131	-1.010	20	false	142	-15:LEVEL:glide
122	-877.854	70.082	-206.083	-137.55	-6.76	1.360	-0.067	-0.987	19	false	144	-15:AIM_PULL:glide
123	-876.529	70.030	-207.086	-152.61	0.00	1.232	0.074	-1.124	18	false	146	-15:LEVEL:glide
124	-875.355	70.082	-208.234	-136.53	-6.45	0.978	0.026	-1.329	17	false	148	+15:AIM_PULL:glide
125	-874.376	70.111	-209.532	-154.27	-6.73	1.071	0.110	-1.262	16	false	150	+0:AIM_PULL:glide
126	-873.354	70.223	-210.797	-161.99	-5.13	0.878	0.155	-1.393	15	false	151	+0:AIM_PULL:glide
127	-872.523	70.373	-212.189	-147.22	-4.50	0.677	0.151	-1.501	14	false	153	+15:AIM_PULL:glide
128	-871.834	70.518	-213.659	-143.22	-2.81	0.803	0.139	-1.448	13	false	154	+15:AIM_PULL:glide
129	-871.022	70.644	-215.078	-168.22	-2.17	0.812	0.126	-1.419	0	false	156	-15:AIM_PULL:glide
130	-870.266	70.756	-216.498	172.27	-0.27	0.756	0.112	-1.420	0	false	157	-15:AIM_PULL:glide
131	-869.613	70.847	-217.921	-179.01	-8.27	0.652	0.091	-1.423	0	false	159	+0:PULL_UP:glide
132	-869.030	70.944	-219.337	175.64	-12.00	0.584	0.097	-1.415	0	false	160	+0:PULL_UP:glide
133	-868.520	71.056	-220.737	-174.65	-12.00	0.510	0.113	-1.401	0	false	161	+15:PULL_UP:glide
134	-868.053	71.183	-222.121	-177.78	-4.00	0.467	0.127	-1.384	0	false	163	+15:AIM:glide
135	-867.632	71.301	-223.495	177.72	3.98	0.421	0.117	-1.374	0	false	164	+15:AIM_PULL:glide
136	-867.262	71.396	-224.861	165.14	11.98	0.370	0.095	-1.366	0	false	165	+15:AIM:glide
137	-866.969	71.469	-226.214	161.26	12.25	0.293	0.073	-1.353	0	false	166	+15:AIM:glide
138	-866.751	71.521	-227.549	157.87	13.21	0.217	0.052	-1.335	0	false	167	+15:AIM:glide
139	-866.608	71.551	-228.862	155.00	14.03	0.143	0.030	-1.314	0	false	168	+15:AIM:glide
140	-866.536	71.558	-230.151	152.65	19.28	0.072	0.007	-1.289	0	false	169	+15:AIM:glide
141	-866.531	71.541	-231.415	149.72	19.11	0.005	-0.018	-1.263	0	false	171	+0:AIM:glide
142	-866.560	71.501	-232.665	163.70	11.11	-0.029	-0.039	-1.250	0	false	172	+15:LEVEL:glide
143	-866.622	71.447	-233.902	-171.30	3.11	-0.062	-0.055	-1.237	0	false	176	+15:LEVEL:glide
144	-866.658	71.381	-235.132	-146.30	0.00	-0.036	-0.066	-1.230	0	false	177	+15:LEVEL:glide
145	-866.621	71.317	-236.333	-153.16	0.00	0.038	-0.064	-1.201	0	false	178	+0:LEVEL:glide
146	-866.530	71.243	-237.516	-146.04	0.00	0.091	-0.074	-1.183	0	false	179	+0:LEVEL:glide
147	-866.379	71.160	-238.674	-141.21	0.00	0.151	-0.083	-1.158	0	false	179	+0:LEVEL:glide
148	-866.166	71.069	-239.804	-120.19	0.00	0.213	-0.091	-1.129	0	false	180	+15:LEVEL:glide
149	-865.889	70.971	-240.898	-130.50	3.80	0.277	-0.098	-1.094	0	false	181	+0:AIM:glide
150	-865.549	70.866	-241.952	-125.10	3.40	0.340	-0.105	-1.054	0	false	181	+0:AIM:glide
151	-865.148	70.756	-242.960	-122.07	-4.60	0.401	-0.110	-1.009	0	false	182	+0:AIM_PULL:glide
152	-864.692	70.652	-243.921	-120.03	1.22	0.456	-0.104	-0.960	0	false	183	+0:AIM:glide
153	-864.192	70.565	-244.831	-115.13	-2.78	0.501	-0.087	-0.910	0	false	183	+0:AIM:glide
154	-863.651	70.494	-245.686	-114.58	-3.41	0.541	-0.071	-0.855	0	false	184	+0:LEVEL:glide
155	-863.077	70.438	-246.490	-114.59	-4.05	0.573	-0.056	-0.804	0	false	185	+0:AIM:glide
156	-862.478	70.394	-247.247	-110.65	-4.49	0.599	-0.044	-0.757	0	false	185	+0:LEVEL:glide
157	-861.857	70.362	-247.954	-111.83	-4.95	0.621	-0.032	-0.707	0	false	186	+0:LEVEL:glide
158	-861.220	70.340	-248.618	-108.22	-5.15	0.637	-0.022	-0.664	0	false	186	+0:LEVEL:glide
159	-860.569	70.327	-249.236	-110.46	-13.53	0.651	-0.013	-0.619	0	false	187	+0:AIM_PULL:glide
160	-859.910	70.321	-249.817	-112.71	-13.47	0.659	-0.006	-0.581	0	false	188	+0:AIM_PULL:glide
161	-859.248	70.321	-250.366	-110.37	-5.47	0.663	-0.000	-0.549	0	false	188	+0:AIM:glide
162	-858.578	70.313	-250.884	-113.28	2.53	0.669	-0.008	-0.518	0	false	189	+0:AIM:glide
163	-857.901	70.289	-251.376	-116.01	8.00	0.677	-0.025	-0.492	0	false	190	+0:AIM:glide
164	-857.219	70.248	-251.853	-114.84	15.50	0.682	-0.040	-0.476	0	false	190	+0:AIM:glide
165	-856.532	70.191	-252.314	-122.34	15.85	0.687	-0.058	-0.461	0	false	191	+0:AIM:glide
166	-855.845	70.118	-252.773	-124.89	7.85	0.687	-0.073	-0.459	0	false	192	+0:LEVEL:glide
167	-855.160	70.035	-253.233	-127.02	12.22	0.686	-0.083	-0.460	0	false	193	+0:AIM:glide
168	-854.476	69.941	-253.697	-127.39	4.22	0.684	-0.094	-0.465	0	false	193	+0:LEVEL:glide
169	-853.794	69.840	-254.167	-122.19	0.09	0.682	-0.101	-0.470	0	false	194	+0:AIM_PULL:glide
170	-853.108	69.734	-254.635	-124.58	-1.73	0.686	-0.106	-0.468	0	false	195	+0:AIM_PULL:glide
171	-852.420	69.625	-255.104	-139.61	-9.73	0.688	-0.108	-0.469	0	false	195	-15:PULL_UP:glide
172	-851.750	69.528	-255.590	-148.08	-12.00	0.670	-0.098	-0.486	0	false	197	-15:PULL_UP:glide
173	-851.107	69.443	-256.096	0.00	0.00	0.643	-0.085	-0.506	0	false	197	no_viable_trajectory eval=40 ok=3 sim=1ms reject[c=35,f=0,s=0,ta=5] first=collision@t19(-842.3,68.8,-266.6)block=minecraft:stone shape= entry=197/203 target=-846.5,68.5,-260.5 at=-851.1,69.4,-256.1 pitch=-12.0
DIAG +0 AIM fire=0 terminal terminal_action@2 xyz=-841.45,66.74652588896384,-266.1258595729381 block=minecraft:coal_ore arrived=true arrival=-842.2910132171916,67.21198331334314,-264.95577291560943 speed=0.8577950490956174
DIAG +0 AIM fire=1 terminal terminal_action@0 xyz=-841.6105641596098,66.21314516988922,-266.55 block=minecraft:stone arrived=true arrival=-842.1719377682463,66.59244041229277,-265.71980216787654 speed=1.5739504365525079
DIAG +0 AIM_PULL fire=0 screen terminal_missed@17 xyz=-841.594369704397,67.1501721144893,-266.34285189864863 block= 
DIAG +0 AIM_PULL fire=1 screen collision@9 xyz=-841.7214566788164,67.26086566417214,-266.55 block=minecraft:stone 
DIAG +0 LEVEL fire=0 screen terminal_missed@17 xyz=-841.5972504550558,67.37870124312025,-266.33885734344375 block= 
DIAG +0 LEVEL fire=1 screen collision@9 xyz=-841.7077348038137,69.14024469711251,-266.55 block=minecraft:stone 
DIAG +0 PULL_UP fire=0 screen collision@19 xyz=-841.582804675562,68.80768421168945,-266.55 block=minecraft:stone 
DIAG +0 PULL_UP fire=1 screen collision@3 xyz=-847.6302919563531,70.05,-259.30827377694806 block=minecraft:light_gray_terracotta 
DIAG -15 AIM fire=0 terminal terminal_action@0 xyz=-842.361557473705,66.84121893045021,-266.55 block=minecraft:stone arrived=true arrival=-842.7182406689326,66.98831607871283,-266.21224484528057 speed=0.8428783632703831
DIAG -15 AIM fire=1 screen collision@3 xyz=-848.965782455543,69.06703095896674,-259.55 block=minecraft:white_terracotta 
DIAG -15 AIM_PULL fire=0 screen collision@16 xyz=-842.3570116492474,67.22252695606325,-266.55 block=minecraft:stone 
DIAG -15 AIM_PULL fire=1 screen collision@3 xyz=-848.9660290723049,69.17668151845272,-259.55 block=minecraft:white_terracotta 
DIAG -15 LEVEL fire=0 screen collision@16 xyz=-842.3545480510135,67.42039504702339,-266.55 block=minecraft:stone 
DIAG -15 LEVEL fire=1 screen collision@3 xyz=-848.9675522215288,69.30909648697703,-259.55 block=minecraft:white_terracotta 
DIAG -15 PULL_UP fire=0 screen collision@19 xyz=-842.2736165916032,68.79533142913617,-266.55 block=minecraft:stone 
DIAG -15 PULL_UP fire=1 screen collision@3 xyz=-848.3013807490879,70.05,-259.84474924667836 block=minecraft:light_gray_terracotta 
DIAG +15 AIM fire=0 screen collision@15 xyz=-841.1385183199466,67.10440210530827,-264.55 block=minecraft:stone 
DIAG +15 AIM fire=1 screen collision@5 xyz=-844.45,68.22960078512655,-259.7967395687621 block=minecraft:stone 
DIAG +15 AIM_PULL fire=0 screen collision@15 xyz=-841.1289282548652,67.44390186916122,-264.55 block=minecraft:stone 
DIAG +15 AIM_PULL fire=1 screen collision@4 xyz=-846.45,69.13298531678694,-259.1706191694847 block=minecraft:white_terracotta 
DIAG +15 LEVEL fire=0 screen collision@15 xyz=-841.1273963427484,67.5364781547517,-264.55 block=minecraft:stone 
DIAG +15 LEVEL fire=1 screen collision@4 xyz=-846.45,69.30007630675169,-259.169919329819 block=minecraft:white_terracotta 
DIAG +15 PULL_UP fire=0 screen collision@7 xyz=-846.45,69.05765386450406,-259.35872363446805 block=minecraft:white_terracotta 
DIAG +15 PULL_UP fire=1 screen collision@3 xyz=-847.1573815297256,70.05,-258.70158776418305 block=minecraft:light_gray_terracotta 
DIAG -30 AIM fire=0 screen collision@15 xyz=-844.0800097750416,67.09333254071898,-266.55 block=minecraft:stone 
DIAG -30 AIM fire=1 screen collision@3 xyz=-849.33134131782,69.20812391454366,-259.55 block=minecraft:white_terracotta 
DIAG -30 AIM_PULL fire=0 screen collision@16 xyz=-844.0753629363712,67.42936129207918,-266.55 block=minecraft:stone 
DIAG -30 AIM_PULL fire=1 screen collision@3 xyz=-849.3316706184125,69.25784242570452,-259.55 block=minecraft:white_terracotta 
DIAG -30 LEVEL fire=0 screen collision@16 xyz=-844.074135374669,67.50970230601246,-266.55 block=minecraft:stone 
DIAG -30 LEVEL fire=1 screen collision@3 xyz=-849.3320274771518,69.32627837011624,-259.55 block=minecraft:white_terracotta 
DIAG -30 PULL_UP fire=0 screen collision@18 xyz=-843.9575896513995,68.75253840876296,-266.55 block=minecraft:stone 
DIAG -30 PULL_UP fire=1 screen collision@3 xyz=-849.3293466429805,69.90232202419617,-259.55 block=minecraft:white_terracotta 
DIAG +30 AIM fire=0 screen collision@9 xyz=-844.45,68.25375242372462,-260.1458265518846 block=minecraft:stone 
DIAG +30 AIM fire=1 screen collision@4 xyz=-846.45,69.02892594887058,-258.38599483369313 block=minecraft:yellow_terracotta 
DIAG +30 AIM_PULL fire=0 screen collision@9 xyz=-844.45,68.37240397281825,-260.1453411427462 block=minecraft:stone 
DIAG +30 AIM_PULL fire=1 screen collision@4 xyz=-846.45,69.16218670829358,-258.384568598212 block=minecraft:white_terracotta 
DIAG +30 LEVEL fire=0 screen collision@9 xyz=-844.45,68.39006998087869,-260.1452411507474 block=minecraft:stone 
DIAG +30 LEVEL fire=1 screen collision@4 xyz=-846.45,69.30579573404573,-258.38414649847897 block=minecraft:white_terracotta 
DIAG +30 PULL_UP fire=0 screen collision@7 xyz=-846.45,69.08135810443632,-259.0607126671978 block=minecraft:white_terracotta 
DIAG +30 PULL_UP fire=1 screen collision@3 xyz=-846.9376538613215,70.05,-258.19623606978837 block=minecraft:light_gray_terracotta 
