tick	x	y	z	yaw	pitch	vx	vy	vz	boost	fire	cursor	note
0	-984.500	64.416	-48.500	-168.37	-27.00	-0.041	0.516	-0.695	35	false	0	+15:PULL_UP:glide
1	-984.525	64.930	-49.176	176.58	-19.00	0.140	0.643	-1.080	34	false	0	+0:PULL_UP:glide
2	-984.405	65.578	-50.233	-169.10	-27.00	0.012	0.601	-1.331	33	false	0	+15:AIM_PULL:glide
3	-984.374	66.211	-51.527	175.39	-19.00	0.159	0.702	-1.391	32	false	0	+0:PULL_UP:glide
4	-984.242	66.931	-52.888	174.31	-27.00	0.001	0.636	-1.482	31	false	0	+0:AIM_PULL:glide
5	-984.255	67.607	-54.330	-171.36	-19.00	-0.081	0.724	-1.475	30	false	0	+15:LEVEL:glide
6	-984.308	68.351	-55.771	-156.99	-11.00	0.094	0.649	-1.515	29	false	0	+30:LEVEL:glide
7	-984.169	69.001	-57.250	-174.17	-19.00	0.396	0.487	-1.507	28	false	0	+15:AIM:glide
8	-983.803	69.517	-58.729	165.93	-11.00	0.265	0.534	-1.539	27	false	0	+0:LEVEL:glide
9	-983.602	70.056	-60.240	175.16	-3.00	-0.102	0.432	-1.565	26	false	0	+15:LEVEL:glide
10	-983.706	70.470	-61.786	-177.94	0.00	-0.124	0.251	-1.619	25	false	2	+0:LEVEL:glide
11	-983.810	70.696	-63.389	-159.29	0.00	-0.022	0.113	-1.651	24	false	4	+0:LEVEL:glide
12	-983.772	70.788	-65.012	-149.20	0.00	0.320	0.046	-1.607	23	false	5	+0:LEVEL:glide
13	-983.404	70.813	-66.584	-124.20	-8.00	0.619	0.013	-1.516	22	false	6	+30:AIM:glide
14	-982.724	70.834	-68.021	-149.20	-16.00	1.036	0.129	-1.192	21	false	7	-15:AIM:glide
15	-981.729	70.991	-69.204	-127.18	-23.59	0.916	0.313	-1.293	20	false	9	+30:AIM:glide
16	-980.805	71.348	-70.437	-144.18	-15.59	1.082	0.519	-1.087	19	false	11	+15:LEVEL:glide
17	-979.761	71.884	-71.517	-168.10	-7.59	1.001	0.496	-1.204	18	false	12	+0:LEVEL:glide
18	-978.838	72.376	-72.735	-153.81	0.00	0.635	0.358	-1.433	17	false	14	+15:LEVEL:glide
19	-978.204	72.707	-74.151	-158.68	0.00	0.692	0.166	-1.471	16	false	15	+15:LEVEL:glide
20	-977.528	72.850	-75.611	-156.51	0.00	0.647	0.071	-1.522	15	false	17	+15:LEVEL:glide
21	-976.887	72.900	-77.117	-161.53	-5.36	0.660	0.025	-1.533	14	false	18	+15:AIM:glide
22	-976.248	72.924	-78.634	-152.10	0.00	0.638	0.024	-1.517	0	true	20	+30:LEVEL:fire
23	-975.603	72.928	-80.130	-149.07	0.00	0.720	0.002	-1.499	35	false	21	+30:LEVEL:glide
24	-974.876	72.911	-81.608	-155.17	0.00	0.801	-0.009	-1.468	34	false	23	+30:LEVEL:glide
25	-974.092	72.885	-83.069	-153.63	0.00	0.749	-0.013	-1.502	33	false	24	+30:LEVEL:glide
26	-973.350	72.856	-84.559	-160.96	0.00	0.749	-0.014	-1.506	32	false	25	+30:LEVEL:glide
27	-972.627	72.826	-86.061	178.78	0.00	0.639	-0.015	-1.555	31	false	27	+15:LEVEL:glide
28	-972.062	72.795	-87.616	-178.73	0.00	0.265	-0.016	-1.627	30	false	28	+15:LEVEL:glide
29	-971.822	72.764	-89.232	173.83	0.00	0.139	-0.016	-1.658	29	false	30	+0:LEVEL:glide
30	-971.717	72.732	-90.876	-161.17	-8.00	-0.039	-0.016	-1.667	28	false	32	+15:AIM_PULL:glide
31	-971.700	72.729	-92.513	-159.82	-6.90	0.280	0.117	-1.615	27	false	33	+0:AIM:glide
32	-971.397	72.847	-94.098	-151.80	0.00	0.443	0.161	-1.584	26	false	34	+0:LEVEL:glide
33	-970.925	72.985	-95.653	-134.64	0.00	0.637	0.069	-1.527	25	false	36	+15:LEVEL:glide
34	-970.241	73.034	-97.128	-137.97	0.00	0.947	0.024	-1.335	24	false	37	+15:LEVEL:glide
35	-969.288	73.038	-98.438	-140.30	-3.96	1.045	0.002	-1.286	23	false	39	+15:AIM:glide
36	-968.254	73.034	-99.709	-139.57	-4.15	1.059	0.057	-1.288	22	false	40	+15:AIM:glide
37	-967.206	73.085	-100.978	-138.89	0.00	1.074	0.087	-1.280	21	false	41	+15:LEVEL:glide
38	-966.140	73.151	-102.244	-149.81	5.14	1.092	0.033	-1.273	20	false	43	+0:AIM:glide
39	-965.084	73.163	-103.521	-164.06	-2.86	0.954	-0.070	-1.371	19	false	44	-15:AIM_PULL:glide
40	-964.187	73.094	-104.906	-139.06	5.07	0.682	0.008	-1.509	18	false	45	+15:AIM:glide
41	-963.472	73.083	-106.375	-142.22	1.72	0.913	-0.081	-1.374	17	false	46	+0:AIM_PULL:glide
42	-962.553	72.994	-107.736	-154.61	1.43	0.980	-0.070	-1.352	16	false	47	-15:AIM_PULL:glide
43	-961.606	72.915	-109.097	-167.00	1.22	0.838	-0.061	-1.448	15	false	48	-30:AIM_PULL:glide
44	-960.820	72.843	-110.555	-162.40	0.00	0.584	-0.054	-1.557	14	false	49	-30:LEVEL:glide
45	-960.248	72.778	-112.106	-155.56	0.00	0.543	-0.033	-1.586	13	false	50	-30:LEVEL:glide
46	-959.694	72.732	-113.674	-148.55	0.00	0.629	-0.023	-1.558	12	false	51	-30:LEVEL:glide
47	-959.044	72.694	-115.207	-155.93	0.00	0.768	-0.019	-1.492	11	false	53	-30:LEVEL:glide
48	-958.291	72.660	-116.691	-150.38	8.00	0.724	-0.017	-1.518	10	false	54	-30:AIM:glide
49	-957.562	72.626	-118.191	-153.17	16.00	0.780	-0.135	-1.482	9	false	56	-30:AIM:glide
50	-956.786	72.484	-119.671	-148.15	24.00	0.757	-0.305	-1.469	8	false	57	-30:AIM:glide
51	-956.012	72.182	-121.141	-128.17	16.00	0.774	-0.301	-1.469	0	true	58	-15:LEVEL:fire
52	-955.172	71.893	-122.568	-123.81	9.77	1.062	-0.379	-1.219	35	false	59	-15:AIM_PULL:glide
53	-954.064	71.538	-123.762	-137.35	1.77	1.250	-0.321	-1.063	34	false	60	-30:LEVEL:glide
54	-952.820	71.237	-124.851	-142.74	0.00	1.198	-0.177	-1.169	33	false	62	-30:LEVEL:glide
55	-951.641	71.063	-126.039	-126.84	8.00	1.104	-0.087	-1.270	32	false	63	-15:AIM:glide
56	-950.517	70.968	-127.276	-125.28	12.89	1.236	-0.166	-1.123	31	false	64	-15:AIM:glide
57	-949.268	70.800	-128.382	-110.16	4.89	1.301	-0.273	-1.031	30	false	65	+0:AIM_PULL:glide
58	-947.930	70.541	-129.367	-130.98	-3.11	1.464	-0.202	-0.784	29	false	67	-15:AIM_PULL:glide
59	-946.489	70.356	-130.184	-123.61	4.89	1.361	-0.046	-0.965	28	false	68	+0:AIM:glide
60	-945.133	70.297	-131.139	-133.27	0.00	1.383	-0.102	-0.946	27	false	70	+0:LEVEL:glide
61	-943.772	70.190	-132.103	-141.63	5.72	1.299	-0.054	-1.065	26	false	72	+0:AIM:glide
62	-942.507	70.124	-133.187	-142.97	-2.28	1.158	-0.118	-1.205	25	false	73	+0:AIM_PULL:glide
63	-941.370	70.011	-134.401	-127.80	-7.44	1.080	-0.023	-1.285	24	false	74	+15:AIM_PULL:glide
64	-940.280	70.000	-135.645	-152.80	-7.36	1.211	0.104	-1.139	23	false	75	-15:AIM_PULL:glide
65	-939.129	70.108	-136.799	-140.92	0.64	0.961	0.163	-1.327	22	false	77	+0:AIM:glide
66	-938.171	70.248	-138.107	-139.10	5.98	1.015	0.061	-1.314	21	false	78	+0:AIM:glide
67	-937.159	70.287	-139.402	-137.58	0.00	1.059	-0.069	-1.286	20	false	79	+0:LEVEL:glide
68	-936.098	70.209	-140.676	-136.37	-5.93	1.104	-0.039	-1.264	19	false	80	+0:AIM_PULL:glide
69	-935.000	70.177	-141.922	-161.37	-5.98	1.132	0.072	-1.235	18	false	81	-30:AIM_PULL:glide
70	-933.941	70.250	-143.174	-149.25	2.02	0.800	0.125	-1.427	17	false	82	-15:AIM:glide
71	-933.145	70.352	-144.585	-145.13	0.00	0.832	0.021	-1.435	16	false	83	-15:LEVEL:glide
72	-932.310	70.353	-145.998	-141.06	-3.84	0.904	0.001	-1.404	15	false	84	-15:AIM_PULL:glide
73	-931.402	70.350	-147.376	-139.94	-5.27	0.987	0.055	-1.349	14	false	86	-15:AIM_PULL:glide
74	-930.420	70.402	-148.700	-137.70	-4.69	1.036	0.105	-1.310	13	false	87	-15:AIM_PULL:glide
75	-929.389	70.502	-149.986	-120.83	-3.69	1.086	0.119	-1.269	12	false	88	+0:AIM_PULL:glide
76	-928.283	70.612	-151.200	-104.71	4.31	1.106	0.110	-1.214	0	true	89	+15:AIM:fire
77	-927.140	70.701	-152.322	-104.40	0.00	1.391	-0.020	-0.777	35	false	90	+15:LEVEL:glide
78	-925.744	70.666	-153.054	-108.31	-1.48	1.521	-0.018	-0.577	34	false	91	+15:AIM_PULL:glide
79	-924.234	70.638	-153.620	-129.34	6.52	1.562	0.008	-0.550	33	false	92	+0:AIM:glide
80	-922.715	70.626	-154.214	-135.48	10.61	1.413	-0.102	-0.832	32	false	93	+0:AIM:glide
81	-921.335	70.516	-155.079	-138.27	2.61	1.276	-0.212	-1.028	31	false	95	+0:AIM_PULL:glide
82	-920.076	70.312	-156.132	-139.55	-5.39	1.194	-0.141	-1.160	30	false	96	+0:AIM_PULL:glide
83	-918.899	70.189	-157.298	-124.78	-6.22	1.137	0.018	-1.227	29	false	97	+15:AIM_PULL:glide
84	-917.755	70.210	-158.481	-149.78	1.78	1.266	0.102	-1.074	28	false	98	-15:AIM:glide
85	-916.544	70.291	-159.580	-140.58	7.08	1.033	0.014	-1.284	27	false	99	+0:AIM:glide
86	-915.519	70.284	-160.850	-139.16	0.00	1.048	-0.108	-1.287	26	false	100	+0:LEVEL:glide
87	-914.471	70.172	-162.130	-128.52	0.00	1.080	-0.056	-1.283	25	false	102	+15:LEVEL:glide
88	-913.373	70.104	-163.380	-132.67	-7.23	1.214	-0.034	-1.155	24	false	104	+15:AIM_PULL:glide
89	-912.172	70.083	-164.519	-125.93	0.77	1.221	0.096	-1.141	23	false	105	+30:AIM:glide
90	-910.950	70.157	-165.633	-127.34	5.90	1.299	0.026	-1.056	22	false	106	+30:AIM:glide
91	-909.661	70.162	-166.674	-144.65	0.00	1.317	-0.085	-1.033	21	false	107	+15:LEVEL:glide
92	-908.386	70.070	-167.738	-146.88	0.00	1.129	-0.046	-1.225	20	false	108	+15:LEVEL:glide
93	-907.286	70.011	-168.972	-141.88	0.00	1.014	-0.029	-1.329	19	false	110	+15:LEVEL:glide
94	-906.278	69.968	-170.290	-140.90	-8.00	1.029	-0.022	-1.328	18	false	111	+15:AIM_PULL:glide
95	-905.259	69.959	-171.599	-124.94	0.00	1.040	0.114	-1.307	17	false	112	+30:LEVEL:glide
96	-904.197	70.051	-172.858	-124.45	0.00	1.228	0.046	-1.117	16	false	113	+30:LEVEL:glide
97	-902.967	70.077	-173.946	-126.05	0.00	1.316	0.013	-1.025	15	false	114	+30:LEVEL:glide
98	-901.661	70.071	-174.957	-139.22	0.00	1.340	-0.003	-1.005	14	false	116	+15:LEVEL:glide
99	-900.356	70.050	-175.980	-141.34	0.00	1.207	-0.010	-1.155	13	false	117	+15:LEVEL:glide
100	-899.176	70.023	-177.140	-142.18	0.00	1.121	-0.013	-1.244	12	false	118	+15:LEVEL:glide
101	-898.073	69.994	-178.382	-157.19	-7.74	1.103	-0.029	-1.242	0	true	119	+0:AIM_PULL:fire
102	-897.028	69.978	-179.637	-141.67	0.26	0.849	0.106	-1.404	35	false	120	+15:AIM:glide
103	-896.171	70.062	-181.015	-154.03	-6.74	0.956	0.038	-1.356	34	false	121	+0:AIM_PULL:glide
104	-895.251	70.104	-182.364	-163.56	-7.20	0.830	0.121	-1.434	33	false	123	-15:AIM_PULL:glide
105	-894.467	70.227	-183.792	-160.20	0.80	0.631	0.168	-1.523	32	false	124	-15:AIM:glide
106	-893.850	70.373	-185.302	-155.08	-4.66	0.596	0.061	-1.555	31	false	125	-15:AIM_PULL:glide
107	-893.251	70.429	-186.832	-164.49	-4.06	0.657	0.097	-1.533	30	false	126	-30:AIM_PULL:glide
108	-892.623	70.520	-188.353	-143.99	3.94	0.541	0.105	-1.578	29	false	127	-15:AIM:glide
109	-892.044	70.603	-189.893	-153.05	0.00	0.788	-0.017	-1.456	28	false	128	-30:LEVEL:glide
110	-891.266	70.571	-191.339	-133.73	-2.75	0.774	-0.016	-1.481	27	false	129	-15:AIM_PULL:glide
111	-890.457	70.549	-192.772	-129.60	5.25	1.018	0.030	-1.304	26	false	130	-15:AIM:glide
112	-889.423	70.558	-194.038	-142.57	0.00	1.169	-0.073	-1.173	25	false	131	-30:LEVEL:glide
113	-888.277	70.476	-195.220	-141.54	0.00	1.090	-0.041	-1.266	24	false	132	-30:LEVEL:glide
114	-887.200	70.422	-196.481	-139.50	-3.33	1.067	-0.027	-1.296	23	false	133	-30:AIM_PULL:glide
115	-886.140	70.392	-197.763	-127.40	4.67	1.081	0.035	-1.286	22	false	135	-15:AIM:glide
116	-885.045	70.406	-199.010	-140.83	-3.33	1.221	-0.062	-1.138	21	false	136	-30:AIM_PULL:glide
117	-883.851	70.346	-200.155	-140.26	0.00	1.133	0.019	-1.230	20	false	137	-30:LEVEL:glide
118	-882.735	70.345	-201.379	-138.79	0.00	1.101	-0.000	-1.265	19	false	138	-30:LEVEL:glide
119	-881.643	70.327	-202.633	-136.91	-4.66	1.106	-0.009	-1.266	18	false	139	-30:AIM_PULL:glide
120	-880.546	70.319	-203.881	-119.99	-4.55	1.128	0.065	-1.243	17	false	140	-15:AIM_PULL:glide
121	-879.401	70.379	-205.069	-118.63	0.00	1.306	0.097	-1.017	16	false	141	-15:LEVEL:glide
122	-878.094	70.455	-206.054	-128.62	8.00	1.400	0.038	-0.900	15	false	143	-15:AIM:glide
123	-876.718	70.471	-206.958	-137.12	0.00	1.346	-0.110	-0.978	14	false	146	+0:LEVEL:glide
124	-875.399	70.356	-207.959	-162.12	-8.00	1.319	-0.115	-1.000	0	false	148	-30:PULL_UP:glide
125	-874.172	70.265	-209.009	172.88	-12.00	1.227	-0.091	-1.051	0	false	150	-30:PULL_UP:glide
126	-873.099	70.206	-210.102	179.03	-12.00	1.073	-0.059	-1.093	0	false	151	-15:PULL_UP:glide
127	-872.145	70.174	-211.222	179.68	-12.00	0.954	-0.032	-1.121	0	false	152	-15:PULL_UP:glide
128	-871.296	70.164	-212.360	172.38	-12.00	0.849	-0.010	-1.138	0	false	153	-15:PULL_UP:glide
129	-870.557	70.172	-213.506	175.00	-5.70	0.739	0.008	-1.146	0	false	154	-15:AIM_PULL:glide
130	-869.910	70.178	-214.657	168.43	-6.35	0.647	0.006	-1.151	0	false	156	-15:AIM_PULL:glide
131	-869.359	70.183	-215.808	163.79	-6.17	0.551	0.005	-1.150	0	false	157	-15:AIM_PULL:glide
132	-868.902	70.187	-216.950	159.78	1.83	0.457	0.003	-1.143	0	false	158	-15:AIM:glide
133	-868.538	70.172	-218.084	171.47	-6.17	0.364	-0.015	-1.134	0	false	159	+0:PULL_UP:glide
134	-868.230	70.157	-219.210	168.59	-12.00	0.307	-0.015	-1.125	0	false	160	+0:PULL_UP:glide
135	-867.979	70.141	-220.324	166.17	-12.00	0.251	-0.016	-1.115	0	false	161	+0:PULL_UP:glide
136	-867.782	70.124	-221.426	164.21	-12.00	0.197	-0.017	-1.102	0	false	162	+0:PULL_UP:glide
137	-867.636	70.106	-222.514	162.71	-12.00	0.146	-0.018	-1.087	0	false	163	+0:PULL_UP:glide
138	-867.539	70.088	-223.585	161.65	-12.00	0.098	-0.018	-1.072	0	false	164	+0:PULL_UP:glide
139	-867.483	70.080	-224.637	167.78	-12.00	0.055	-0.008	-1.052	0	false	165	+15:PULL_UP:glide
140	-867.455	70.080	-225.670	167.42	-12.00	0.028	0.000	-1.034	0	false	166	+15:PULL_UP:glide
141	-867.451	70.087	-226.686	167.33	-12.00	0.004	0.007	-1.015	0	false	167	+15:PULL_UP:glide
142	-867.469	70.100	-227.683	167.48	-12.00	-0.017	0.013	-0.997	0	false	168	+15:PULL_UP:glide
143	-867.504	70.117	-228.661	167.84	-12.00	-0.035	0.017	-0.978	0	false	169	+15:PULL_UP:glide
144	-867.554	70.137	-229.620	176.69	-12.00	-0.050	0.021	-0.960	0	false	170	+15:PULL_UP:glide
145	-867.604	70.161	-230.563	177.29	-5.95	-0.050	0.023	-0.943	0	false	171	+15:AIM_PULL:glide
146	-867.653	70.176	-231.493	162.91	-12.00	-0.049	0.015	-0.930	0	false	172	+0:PULL_UP:glide
147	-867.722	70.193	-232.404	-172.27	-12.00	-0.069	0.017	-0.911	0	false	173	+15:PULL_UP:glide
148	-867.772	70.212	-233.299	-162.49	-12.00	-0.050	0.019	-0.895	0	false	174	+15:PULL_UP:glide
149	-867.792	70.233	-234.175	-137.49	-12.00	-0.020	0.020	-0.876	0	false	176	+30:PULL_UP:glide
150	-867.755	70.254	-235.015	-138.35	-4.00	0.037	0.021	-0.840	0	false	177	+15:LEVEL:glide
151	-867.687	70.274	-235.832	-128.35	-4.00	0.067	0.020	-0.817	0	false	177	+30:AIM:glide
152	-867.591	70.296	-236.625	-125.65	-5.99	0.096	0.022	-0.793	0	false	178	+30:LEVEL:glide
153	-867.463	70.317	-237.392	-120.15	-4.00	0.128	0.020	-0.767	0	false	178	+30:LEVEL:glide
154	-867.306	70.335	-238.131	-117.19	-4.00	0.158	0.018	-0.739	0	false	179	+30:LEVEL:glide
155	-867.134	70.351	-238.852	-128.17	-4.00	0.172	0.016	-0.721	0	false	179	+15:AIM:glide
156	-866.932	70.365	-239.543	-132.38	-4.00	0.201	0.013	-0.691	0	false	180	+0:LEVEL:glide
157	-866.703	70.375	-240.203	-129.55	-4.00	0.229	0.011	-0.660	0	false	180	+0:AIM:glide
158	-866.441	70.384	-240.819	-139.55	-5.06	0.263	0.009	-0.615	0	false	180	-15:LEVEL:glide
159	-866.157	70.389	-241.404	-140.91	-4.00	0.284	0.005	-0.586	0	false	181	-15:AIM:glide
160	-865.854	70.391	-241.962	-138.46	-4.00	0.303	0.002	-0.558	0	false	181	-15:LEVEL:glide
161	-865.528	70.387	-242.477	-133.46	-4.00	0.327	-0.003	-0.516	0	false	182	-15:LEVEL:glide
162	-865.188	70.380	-242.969	-136.83	-4.00	0.339	-0.007	-0.492	0	false	182	-15:LEVEL:glide
163	-864.837	70.369	-243.438	-119.84	-4.00	0.351	-0.011	-0.468	0	false	182	+0:LEVEL:glide
164	-864.470	70.355	-243.870	-129.84	-4.00	0.367	-0.014	-0.432	0	false	183	-15:AIM:glide
165	-864.096	70.337	-244.283	-134.89	-4.00	0.374	-0.018	-0.413	0	false	183	-15:LEVEL:glide
166	-863.715	70.317	-244.678	-136.59	-5.45	0.380	-0.020	-0.395	0	false	184	-15:LEVEL:glide
167	-863.338	70.287	-245.071	-135.43	-1.80	0.377	-0.030	-0.393	0	false	184	-15:AIM:glide
168	-862.961	70.246	-245.462	-134.09	0.00	0.377	-0.042	-0.391	0	false	184	-15:LEVEL:glide
169	-862.585	70.201	-245.850	-120.96	-1.80	0.376	-0.044	-0.387	0	false	185	+0:LEVEL:glide
170	-862.212	70.156	-246.235	-119.76	-4.00	0.373	-0.045	-0.385	0	false	185	+0:AIM:glide
171	-861.828	70.110	-246.597	-118.58	-4.00	0.384	-0.046	-0.363	0	false	185	+0:AIM:glide
172	-861.447	70.062	-246.958	-108.58	-4.00	0.381	-0.047	-0.360	0	false	186	+15:LEVEL:glide
173	-861.060	70.014	-247.306	-119.87	-4.00	0.386	-0.048	-0.349	0	false	186	+0:LEVEL:glide
174	-860.670	69.965	-247.644	-137.01	-4.00	0.391	-0.049	-0.338	0	false	187	-15:LEVEL:glide
175	-860.286	69.917	-247.983	-112.01	-8.21	0.384	-0.048	-0.339	0	false	187	+15:LEVEL:glide
176	-859.920	69.871	-248.330	-126.29	-8.92	0.366	-0.046	-0.347	0	false	187	+0:AIM:glide
177	-859.553	69.827	-248.668	-107.34	-9.72	0.367	-0.045	-0.339	0	false	188	+15:LEVEL:glide
178	-859.182	69.780	-248.998	-121.65	-4.00	0.370	-0.046	-0.329	0	false	188	+0:LEVEL:glide
179	-858.815	69.726	-249.330	-120.81	0.00	0.367	-0.055	-0.333	0	false	188	+0:LEVEL:glide
180	-858.452	69.670	-249.664	-122.80	-4.00	0.363	-0.055	-0.334	0	false	189	+0:LEVEL:glide
181	-858.093	69.613	-250.000	-122.04	-2.62	0.359	-0.057	-0.336	0	false	189	+0:LEVEL:glide
182	-857.739	69.555	-250.337	-121.12	-11.48	0.355	-0.058	-0.337	0	false	189	+0:AIM_PULL:glide
183	-857.389	69.500	-250.674	-112.04	-12.00	0.350	-0.055	-0.336	0	false	190	+15:LEVEL:glide
184	-857.030	69.444	-250.992	-122.39	-4.00	0.359	-0.056	-0.319	0	false	190	+0:LEVEL:glide
185	-856.665	69.381	-251.305	-106.74	4.00	0.365	-0.063	-0.313	0	false	190	+15:AIM:glide
186	-856.288	69.307	-251.599	-129.17	0.00	0.378	-0.074	-0.294	0	false	191	+0:LEVEL:glide
187	-855.908	69.225	-251.897	-130.40	5.83	0.380	-0.083	-0.297	0	false	192	+0:AIM:glide
188	-855.526	69.134	-252.199	-130.55	0.00	0.382	-0.091	-0.302	0	false	192	+0:LEVEL:glide
189	-855.142	69.036	-252.506	-130.71	0.00	0.384	-0.098	-0.307	0	false	192	+0:LEVEL:glide
190	-854.755	68.932	-252.818	-131.70	0.00	0.387	-0.104	-0.312	0	false	193	+0:LEVEL:glide
191	-854.365	68.822	-253.136	-131.89	0.00	0.390	-0.109	-0.318	0	false	193	+0:LEVEL:glide
192	-853.972	68.708	-253.460	-132.09	0.00	0.393	-0.114	-0.324	0	false	193	+0:LEVEL:glide
193	-853.576	68.590	-253.791	-126.16	0.00	0.397	-0.118	-0.331	0	false	194	+0:LEVEL:glide
194	-853.171	68.468	-254.123	-127.66	0.00	0.405	-0.122	-0.332	0	false	195	+0:LEVEL:glide
195	-852.760	68.342	-254.458	-127.54	0.00	0.411	-0.125	-0.335	0	false	195	+0:LEVEL:glide
196	-852.341	68.214	-254.797	-142.41	0.00	0.419	-0.128	-0.339	0	false	195	-15:LEVEL:glide
197	-851.928	68.084	-255.151	-149.48	-3.84	0.413	-0.131	-0.354	0	false	196	-15:AIM:glide
198	-851.526	67.955	-255.524	-124.48	-4.41	0.402	-0.129	-0.373	0	false	197	+15:AIM:glide
199	-851.113	67.829	-255.894	-134.96	-12.41	0.412	-0.126	-0.369	0	false	197	+0:AIM_PULL:glide
200	-850.701	67.712	-256.267	-135.21	-19.53	0.412	-0.117	-0.374	0	false	197	+0:AIM_PULL:glide
201	-850.292	67.607	-256.643	-135.39	-12.00	0.410	-0.105	-0.376	0	false	198	+0:PULL_UP:glide
202	-849.883	67.508	-257.022	-120.61	-12.00	0.408	-0.099	-0.379	0	false	198	+15:PULL_UP:glide
203	-849.467	67.415	-257.390	0.00	0.00	0.417	-0.093	-0.369	0	false	199	no_viable_trajectory eval=40 ok=3 sim=2ms reject[c=34,f=0,s=0,ta=6] first=collision@t19(-841.9,66.2,-264.2)block=minecraft:prismarine shape= entry=199/203 target=-844.5,67.5,-262.5 at=-849.5,67.4,-257.4 pitch=-12.0
DIAG +0 AIM fire=0 screen collision@14 xyz=-843.6229995577268,65.75763493243944,-263.55 block=minecraft:prismarine 
DIAG +0 AIM fire=1 terminal terminal_action@0 xyz=-841.6329407696189,66.37185050213759,-266.55 block=minecraft:stone arrived=true arrival=-842.1604742924885,66.48771901094885,-265.8639905302931 speed=1.679058505247594
DIAG +0 AIM_PULL fire=0 screen collision@17 xyz=-842.9682317281672,66.15,-264.4278613941018 block=minecraft:prismarine 
DIAG +0 AIM_PULL fire=1 screen collision@8 xyz=-841.7415526316196,67.4016397240943,-266.55 block=minecraft:stone 
DIAG +0 LEVEL fire=0 screen collision@14 xyz=-843.6253164757496,65.67233667127954,-263.55 block=minecraft:prismarine 
DIAG +0 LEVEL fire=1 terminal terminal_action@0 xyz=-841.6356582514991,67.13303177014346,-266.55 block=minecraft:stone arrived=true arrival=-842.1870612249993,67.14243032232137,-265.8255091626114 speed=1.68118060022983
DIAG +0 PULL_UP fire=0 terminal terminal_action@0 xyz=-842.5732630955761,66.15,-264.995961027639 block=minecraft:prismarine arrived=true arrival=-842.5951812527686,66.15466649675494,-264.96555056891793 speed=0.5159339458873812
DIAG +0 PULL_UP fire=1 screen terminal_missed@9 xyz=-841.5425941314426,69.86519563893505,-266.8491176211722 block= 
DIAG -15 AIM fire=0 screen collision@14 xyz=-844.45,65.75319158848012,-264.0581960851855 block=minecraft:prismarine 
DIAG -15 AIM fire=1 screen collision@8 xyz=-843.1966043936663,66.50423267893082,-266.55 block=minecraft:stone 
DIAG -15 AIM_PULL fire=0 screen collision@17 xyz=-843.9384219519573,66.15,-264.80965302963176 block=minecraft:prismarine 
DIAG -15 AIM_PULL fire=1 screen collision@8 xyz=-843.1373980821697,67.64288017432284,-266.55 block=minecraft:stone 
DIAG -15 LEVEL fire=0 screen collision@14 xyz=-844.45,65.66985524517924,-264.0612094992206 block=minecraft:prismarine 
DIAG -15 LEVEL fire=1 screen collision@8 xyz=-843.1893946420544,67.14137468054038,-266.55 block=minecraft:stone 
DIAG -15 PULL_UP fire=0 screen collision@18 xyz=-843.5434527737308,66.15,-265.34548839856876 block=minecraft:prismarine 
DIAG -15 PULL_UP fire=1 screen terminal_missed@9 xyz=-842.2290004137865,69.86297340633955,-267.1307640181876 block= 
DIAG +15 AIM fire=0 screen collision@15 xyz=-842.2633802460721,65.59852784952942,-263.55 block=minecraft:prismarine 
DIAG +15 AIM fire=1 screen collision@4 xyz=-844.45,67.0564587543109,-259.94632517396616 block=minecraft:stone 
DIAG +15 AIM_PULL fire=0 screen collision@17 xyz=-842.2637740328454,66.15,-263.6052621906324 block=minecraft:prismarine 
DIAG +15 AIM_PULL fire=1 screen collision@7 xyz=-841.4198932138495,67.7720763855804,-264.55 block=minecraft:stone 
DIAG +15 LEVEL fire=0 screen collision@15 xyz=-842.2783253385621,65.45298262303425,-263.55 block=minecraft:prismarine 
DIAG +15 LEVEL fire=1 screen collision@4 xyz=-844.45,67.23559682352362,-259.94729842655346 block=minecraft:stone 
DIAG +15 PULL_UP fire=0 screen collision@19 xyz=-841.8639566861655,66.15,-264.1645059712204 block=minecraft:prismarine 
DIAG +15 PULL_UP fire=1 screen terminal_missed@9 xyz=-841.0023475293931,69.86263677481936,-265.86038695797413 block= 
DIAG -30 AIM fire=0 screen collision@16 xyz=-844.7197764693574,65.51701868738134,-265.55 block=minecraft:stone 
DIAG -30 AIM fire=1 screen collision@7 xyz=-845.188339219336,66.62963263294009,-266.55 block=minecraft:yellow_terracotta 
DIAG -30 AIM_PULL fire=0 screen collision@18 xyz=-844.6684911333667,66.0593323023111,-265.55 block=minecraft:stone 
DIAG -30 AIM_PULL fire=1 screen collision@7 xyz=-845.2020585027315,67.88661564920048,-266.55 block=minecraft:yellow_terracotta 
DIAG -30 LEVEL fire=0 screen collision@16 xyz=-844.7127975164303,65.34704927298067,-265.55 block=minecraft:stone 
DIAG -30 LEVEL fire=1 screen collision@7 xyz=-845.1945875162767,67.157704070248,-266.55 block=minecraft:yellow_terracotta 
DIAG -30 PULL_UP fire=0 screen collision@18 xyz=-844.6469982594681,66.11917099334123,-265.55 block=minecraft:stone 
DIAG -30 PULL_UP fire=1 screen collision@5 xyz=-846.7961056912336,68.57355623400831,-263.55 block=minecraft:light_gray_terracotta 
DIAG +30 AIM fire=0 screen collision@10 xyz=-844.45,66.14356422575443,-260.41046016637944 block=minecraft:stone 
DIAG +30 AIM fire=1 screen collision@3 xyz=-845.45,67.22806283981917,-259.03000856973057 block=minecraft:stone 
DIAG +30 AIM_PULL fire=0 screen collision@10 xyz=-844.45,66.54286236277864,-260.297825882467 block=minecraft:stone 
DIAG +30 AIM_PULL fire=1 screen collision@3 xyz=-845.45,67.91823827214637,-259.0184142175142 block=minecraft:stone 
DIAG +30 LEVEL fire=0 screen collision@10 xyz=-844.45,66.11602495863615,-260.4191449624774 block=minecraft:stone 
DIAG +30 LEVEL fire=1 screen collision@3 xyz=-845.45,67.26856700845563,-259.02868679048 block=minecraft:stone 
DIAG +30 PULL_UP fire=0 screen collision@18 xyz=-841.45,66.1606516653331,-262.83724193736236 block=minecraft:stone 
DIAG +30 PULL_UP fire=1 screen collision@3 xyz=-845.45,68.01487220488318,-259.0165430269385 block=minecraft:stone 
